616 6116111161

Κ6611118616611,11111.661. 17911799,1196,1797.·-9719611111
..61661116 1766. 1161. 1116116161( (9111116 1) 61111111 1111616 1764
6.1.6.166-116(1161611 61 116 66116.11.1766); 164-1161111611.
6.1796).-616116116161119661616111 96111161611616 118166111.
111616. 661 6116111111. 91111611611116111116. 1797. 111. 1. 1116
911113611611161. 96116. 1116 166 (16161666. 91161. ,616 611111
16116ιὲ111111111111111111111111111111 11111111
’111 661· 1ιῖ1. ...ι 6 ..1161 ’.161
17114,ξὴτε1166131161ἰ11169161111181111η611η11611ξῐ6ἒ111911611611ῗ1
61116116 6661116161166.611.11.6.11ι 6. mm .-
α1111111661111111111ᾰ11111611111111791111111ε 661 2(1111161111 91666611.
614 (1111) 9161111 61616 674 9611161 111116. 3. 61111. 611111

91116116 61161111 111.
(1111- 1111.)

6.1141611611611116611111 141 6111111611 011616. 6961166- 146
9661166116.-14711161611.-1669616.116111616.6..-1616 111
61661161,161.61611611661116661663611116111116116111116.-166
961 111661. 6111116616 611 11161. 11611111 6616111111611- 64161111
111’1661616916116111616-113111611111661111166661666
61661. 6. 66611- 167 ‘Flmam 06661. 6111111616. 1611611, 1616
611- 967 (9111) ’111,11611 61111661616.1667,1613,1616611.,1616,
1821.- 111 (1111) 1161166161166. 1116- 6111 6111, 611161
9161116. 1661, 16666. 16111- 14618. *11166111 9116111 1116. 1616
611, 1614 611. 1615 Mt.- 14116. ’11616 61 91111111, 11616616
1601,16096111605,1607111 1619, 1919611, 1611611, 1601- 370
6116116666 3. 1111- 3116. 6166161 ..11111 1611. 61161 11666·
661116..-1111 116661116661116.1111111- 1116911611,
1111116. 6111. 661661.. 111116, 1111111, 166111- -61111111116
17.111116ῧ1116111.6. 1606- 37616. 916166. 1613, 1614, 1616 111. 1³1.
6611611116. 6166116, 9661616 611961. 6116. 9616116161 11111
11116111111111111.111111·- 1111111 111 111
611161 11616 611 1. 6. 311 (6 66161. 1116661611 61 616616. 1666116116.
-9161161611111961661166 6116116611.11111.1666.16.1.’ῧ 165.

3661661116111 6661666111116661(196666111119111616611611
6111 9161116666. 11667 611116 (3966) 161616 16166161 6116111116-
11111 ..111111111111111,’111111’,11611111111111..116111’1
1131111667.6.164;(3611)666116166661161161666166116.6161111
11116611 111111161111161, 66116111, 9966616616 11611111 611 61611. 1111661-
1,116 1866111, 6116116116 1. 6161161, 1166116611, 6616111166111 1111161

11661, 61111611, 11111616, 6111611616, (61611116,1111111θ61611ιι6616,
11611 (16. 111611, (61116, 1611111. 1116611, 96111111, 1666611111, 6161116666,
116611,9661661111,61616661116,111111111.1..,16 111111116ιί1, 611 611161
9161616 ιι. 1116666611166111611116616111166111. 6116111, 611611 614.
311. 16616. 167.- (6616) 961116911116161119611111166. 14. 6161. .
,,16111. 6. 11111616116166(1616)16161161611111111611111111111666611

 

