11111111. 111

1. 11111111) 11111111 «Iu 1611111111 111. (111. 1111 6. 111 11.) Τ. 1.
-111111111111, 11111111 1118111111. 1111111 &martham - 11111,
11111. 11111 1.11111111111611111111111. 1. 1111111111. 1111111. 1791.
11. 4. -· 111111, 1111. Urkk. 11111111. 8111111. oben Θ. 101. - 11111-
mnu, 811. 111. 1111111111. Τ. 1. ·- 1111111 1111111. 1111. - 1. 1111
11111 1111111111 1111111111111111. 111 1111111111 111111. 11. 3. - (1111.
1111111111.) 1111111 6111111111. 111111111111111111. 111111. 1111-
11. 31111.) 66. 1. 111. 1. 1111111111. - 1111111 1111111111111111111.
1111111. (11111 11111111 11111 111111 1111111111 1111. -111111 1111111.
111131111111 1. &abiem IV. - 1111111111,11111111111111111111111
111111 111 1111111111 m 1111111111 111111 ιι. 1. ιι. 111. 1 (11111 1 ιι. 1),
111111. 3). - 111111111,111111111111 Bigis 1111111111. Τ. 1. - 11111,
11111111111111. 11. 1111111. Τ. 1. - 111111111111111111.
111. 81111111111111.1611.111.) Τ. 11. 1. - Ioannis Vol. 1111
ror. 1111111111. - 3111111111111111111.Τ.1.11111. 1. - 1111111
11111111 Sum. 1111. - TetamIIn, (111111. 11111111111111111111111. (11111.
1111). 64. 11. 1. -· ,1111111111 1111111111111. 111111 1. 1111. 11111111
bag 1111111111111 6. 337 11.) 111111. 1. - 1111111111. 1111111111
do 1111 1118111111. Τ. 1. - 11111111111111111, Historia 11111111.
findani. 1110-63. 4 ·- 11111, 11111. 11111111 ι. 11111 3111. 1111. —· 111
eubaea, 11111111 11111111. 0111111111. - 1111111111. 1111111111
11111 1. 1. 111111111111. 111. 1. - 1111111111, 1311111111. 3111111111.
111111 bet 11111. «- (11 1111111111, 11111. 1111111111111111. du XVIII.
1111111. T. 1. 3. 1. 9. 11. 111111 1111). - 1111111111, 11111111. 1111
1111111. 111. - 11. 111111. 1111111111 1113. 111. 1111. 397131
11113). ··- 111ι111ιιι, 1111111. 1111111 1.1. 11. (111 111ιι 6. 1111) ιι.
111111 1111. 111111 1. 1. 11. (ng. 11116. 114). ·- Loibnitii (1111. 111.
11111. diplom. Prodrom. ·- 111111111111111111 01111111 Iuris (1111111-
plom. P. 1. - 11. 11111111, 11111. 1111111111. 1111111. 1119. 11. 4. -
11111111, 311111. 1111111111111111111111. 11111. -- (1111.) 8111111111
bet 1111111111 ιιιιιι (1111»111111111. 11111. 11111116. 11111.) - 111-
1111,1111111111111111111111111,11111111. - 11111111, &effi-
1. 1111111111 1. 1111111111. 111. 1. - 11111111111111111111. 11111111. 1.
-11111111 1111111111μῶ Rom. Germ. (1611.) Τ. 4 1. 1111111. 111
11111.- 111111111111,811. m. (1111111. 11111111. 11111111111-

1111111111111111.1111111111,111- 111111, 1111111. 1. 1111111
1111.111111.1.111ιι1111111.(1149-).11 11111- 16-111111111111111
11111119111111-11111111111111111111.11111.-·1.11-
11111111111111111111111116)(11111411111-3111111,
11111111. 1), 1111111 11), 1111111), 1111111111). 1111111111
manige 1. 1111111111, 111111 ιι.111111,1111111.81111111ὓ1111.
- 11111111.) 111111111111 1111111111, 111111 11111111111111.11111111111

111111 11111111 111 ῖιιι11111111111ὓι1111 ιι. 1. 11. (1101.) 111111. 4. -
11111111, 11111111111111111 1111 1111111111 1111111111. 111. 1113.
.· 111. ·· Induis, 1111111. 1111111. T. 1. 1.1,-6.11. 1111. 1111111111.

 

