5555

111116 1111611111111110. 611 1111111111 1111111111113111111
(Q 1111131311 11. 611 1111111111 11131111111111111111113
1611111111) 13. 6110111111111111 6.-1111111-ΧΧΧ;1 1301-
dexdi 11111111111111116111Χ1Χὲ11111164 6116111111 et
61111311111111111451 6 11.) 1116116111111111311
6111111116..1111111111 (111611 1311111111616111111
11111 1113111111 1161131116 11111111111.)1·1.11111111111111111
11111 11111111,11111113111161161111111111131111111111
11111111 111· 1111111161111111111 311111111111111111 111111·
111161ιέ11 X(ICKQXIXKXXV ἓΧὲἶΙΠὼίβῗ. bDiplsgmatarium Demi-
1161131313. 11111 11111313311111311 63133111311133113333331333133313313
111111113111111116-61111151-1141111. 1116111111111111111.
61111111111.,1111 1.11111111111111,41 1111111111 1111111111111 11111 1111
ἒίἳξῗὲἶῗὶιξιιιέξτιὲἐῗῇ ,111111111ιί31 6111111111 11111, 1111, 311111.

8111111116. 6,311111111116111111111111131111111111111111111111111
111111111113111111. 4611. 611111. 11111 61111111. 1141-11 111.

61. 1: ,11111 1111. 9111111113. 1113. 6111111113111111111111
3111111111,”1111111.1 11131, 31134), 513461, 613611, 1111111111
11111111,1113,31111111111.1311,
Qmmnommummwmmwuwummstmn
ῗῙΟῙὲὓΊΞΞὲ, 3ὲὶἑὲ131), 32 (1185), 33, 3411. 351111113111111131

bmngQ55.mfflufflwmw,mfflm,w
1111311 4111.1111111111111111111111 6111111 111.1ῢ,1131 1111611,
1111913136.133-111.-61,.3 611111111111111111
1111111111 1113111113 31131-13331. 6Η1-31 613· ,611
1.111111 11311111111111111. 1. 6111311111 11111111. 1113. 1333,
1111111113111111111131,1 5555·
111111111111111111111111111111
111116111111111111 111111 1111111111 1111111111, 11111111 111111111111111
6111111111111 1111111 3111111111 1111111111. 64-13. 55 11111

111111111111113 1111113131311.13101.11111113111111 .131.
611111111111 1111161111111613. 61111111111111111 11111111
61,.311,ιι1.1.11111111111131611111111111111111111
611 13611111 1-1313,1111-11.11131111611 1.11.
1,1311111111111333116111111311111111111111111111.
6.-Ῑ 111., 1111 611 11111111 11111. 31111111131111111111ε
1111 1111113111331111111,11111111 111111 11111111181111111111111 3111111
1111111111,111111 111111 11111111111 11111111 3111111111. 61111111 1111
611111, 111111 1111111 1111111 6131116111111, 611111, 6111111111,

11113111111111 11111111 1111 11111111 111111 1111111111

6111111111,1111111ξ,11111111,311”1111111111’,Ῐ,61111111, 6111

1111, 611111111 611 1111, 'wlff 1111111161111113.1111
1111111113 31111111111111111 11111, 1111311111. 111 111161111
6111111111 131111 11 61. 311. 3. 1111111111 111111311111111111
11· ,.1111111,11111,11111 1111111· 111111
113901,3131. 314113131333111. 3511. 131011113111111111111
16111 11116111. 31113ιέ111 13311311; 311, 3151. 311113151.
11111111111111131111.1111111111

 

