ww

ΧΜΜΜΜΜΜΜι
931. XIV, 49. XV, 33. 11911, 30.
ΜΜΜΜΜΜμ
ΜΜΜΜΜΜΜ
36. 37. 99. - ἓ. 3333113. 111, 14.

ΜΜΛΜΜΜΜ
339. 19, 41. 393. 911, 470. 9111,
903. X, 88. 998. 433. 31, 17. 993.
Μ.Μ.ΜΜΜΜ.Μ
3411911, 3011111 69 9.333 3113.
1, 968. 96997091, 3940.

ζ13333333133339311934933.

14Μ1ΜΜΜΜΜΜΜ
ΧΜΜΜΜΜΜΜ
33. 391, 403. 410. 39111, 373.
313, 9. 17.9 430.33,197. 193.
-9, 3333113. 1, 979. 973. 974.
973. 976. 979. 91, 41. 49. 43. -
ΜΜΜ,Μ’ΜΜ3

ΜΜΜ,Μ.ΗΜΜΜ
333. 9, 990. 11, 91. 99. 93. 1411,
193. 9111, 903. IX, 3. 9. 10. 31,
19. 90. 311, 67. 11111, 19. 19. 90.
333. 1119, 30. 51. XV, 36. 37.
XVII, 939. ²89.— 9331131131,
979. 930. 931. 939. 933. 984. 933.
ΜΝῊΜΜεΜΜι
14. 13. 111, 16.

· mmm‚wmmww

61. 91, 91. XV, 58. XVI, 3. XVII,
330. 119111, 73. 11111, 179. 430.
431.- 9333111131, 967. 966.
939. 990. 999. 993. 994. 996. 997.
99930030191444346

ζ 1.Μ3ἛΜ,Μ9ΜΜῊ
“ 439 9 1 907 13, 336 X, 37
999. 433. 31, 908. XIII, 109. 933.
XVII, 51. 379. 441. 477. 33, 199.
9. 33113113. 1, 309. 309. 304. 303.
VI& 307. 306 310. 311. 319. 314.

, 13333113. I, 300.1,1 94. 79436.

19, 983. 9, 61. VIII, 903. XV, 33.
11911, 6. 31. 119111, 9. 916. 917.
mmm 'mmm
313. 318. 319. 391. 399. 397. 393.
399. 930. 331. 339. 333. 334. 333.
336. 397. 396. 91, 46.— 333339
wm,ww.

W

1. 333 333 Ι, 1131111, 933. 91, 9.,
ΜΜΜΜΗΜΜ’Μ
X, 930. 438. 311, 485. XIII, 14.
178. XV, 81. XVII,- 39. 33. 379.
119111,10.109.11111,69.180.
Μ.ΜΜΜ1.Μ3Μ
1, 339. 340. 341. 349. 343. 344.
345. 347. 343. 349. 330. 493. 91,

1314.

1.3333.113111,334 9,63. 3069111,
911. 919. XI, 90, 909. 309. 3111,
488. XIV, 39. 39, 61. 69. 63. 64.
XVI, 411. XVII, 54. XVIII, 10.
Μ’Μ.ΜΜ.ΜΜΜ
- 933331131331. 369, 833.
333. 336. 337. 333. 361. 369. 363.
364. 494. 495. VI, 49.

ιψΜΜΗ,3ΜΜΝΜ
983. V, 84. 308. 309. 91, 99. 179.
911, 306. 9111, 913. 914’ IX 10.
ΠΜΧΜΜΜΜΜ
69. 908. XIII, 63. 936. 319, 33.
34. 33119, 61. 1191, 419. 11911,
54. XVIII, 74. 73. XIX, 181. —-
9. 3333113. I, 366. 370371. 379.
373. 374. 373. 376. 377. 378. 379.
381. 496. 497. 498. 91, 30. 51.-
33333113111, 90.

l. 3333.113 I, 331111, 903. 906. 306.
111, 334. V,64. 63. 310. 91, 93. 94.
409. 911, 947. 911, 913. 111, 13.
XI, 930. 309. 311. 986. XIII, 937.
393. XIV, 58. 37. 39, 85. XVIII,
374. 444 XIX, 181. 454. —
ΗΜΜ,ΜΜΜΜ
391. 392. 393. 394. 393. 396. 91,
51.·- 3. 3333313111, 91.

1. 3317331131. 131. 139. 133. 48011,
90611 333. 9, 65. VI. 94. 94.
Μ,Μ.Μ.3Μ.ΜΜ
933 31, 91. 99. 93. 909. 303. XII,
69. 937. 983. 330. 3111, 13. 91. 41.
939. 119, 65. XVIII, 917. 969. 873.
444. 445. 313, 10. 70. 189. 433.
1111, 901. ’9. 333 3.113 1, 396.
397. 393. 399. 400. 401. 409. 404.
406. 403. 409. 410. 411. 416. 417.
91, 39.

1313.
1. 3333133. Ι, 460. II, 964. 456. IV,

 

