1111111111. 6111

11ωῶηῌη LwfflIumwfflmss
m &mmmmm1
1111111111. VIII, 119. XVI, 311. XV, 9.XV1, 116. XX, 111. -
1111. 1. 1111111. 1, 11.
1. 111111.1111,11ο.111.1,111. 1111.
V, 1. XVI, 311. XVII, 1. 1. 1111111111. VIII, 144-149. X, 1911.
1111. 111. 111, 1. - 1111111111. 1,11.
1. 1111111. 1111, 1111, 111. 1111.
1111. 1. 1111111. 1, 11.11,11.111,111.
1.1111111111,10.1111,111.Χ,191. 311. 400. XVII, 1ο. XIX, 1. -
XVI, 391. - {¹ 9111111111. I, 1. 1. 1. 1111111111. 1112ξὼ
LQQMQXMXWIQWUAEAEEMHI
2-20wm1122 awssmme1-2wmm
1220. 1, 17. 18. 414. 485.
LWQXQVQQW, lm
111. 111. 441. 111, 111. 1. 11111111. 11, 111. 111, 111. 1, 41.
1221. XIII, 313. 314. XX. 111. -
ffiwfflXmoezwm zmfflfiffi
, ’ 1111. 1. 1111111111. 11, 14. 111. 1111,
’ 11ωῶ1ὴ-1ωψὴῌ1 IfflffikssffifflLfflXss-
ww zmmIm
1. 11111111. XVI, ³26. ¹ 1139.
mn lssmffimwmflmfflu
1111111111, 111. 1111. 111. 111
11, 111. - 1. 1111111. 1, 11. 1240.
1111. 1. 1111111. 111, 111. 11, 1. 11, 11.

³ 1.1111111.1,11.11,111.1111,11ο. - 1. 1111111. 1, 11111.

X, 118. 1. 1140.
1111. 1111111111. 11, 2.

¹ 1. 544 11 . VI, 1911111, 111111, 1241.

311. 111. 111. 1111111111111111,1111,
1222. 111111. 111, 1. 2. 1111, 11.
1. 11111111. 11, 111. 111. 11, 11. 111,111.11,111.-1.1111111.
1111,111.111.111.11,1.- 1,11.
“ 1111111111, 11. . 1242.
1111. 1. 11111111. 1, 442. VIII, 111.Χ,11)ο.
1.11111111.11,1ξὰ91,116.111,119. {01b 11ξίβ XIIII52 2.2 3111, 111. -
l · . IIII . . ι
, 1. 1111111. 1, 11. 11, 11. 1111, φ 1111.

110. 30 111141ὲ1ὲ111. XV, 11. - 1. 11111111.
1. 1111111. 111, 111. 1111, 111. 111. ’ 1244.

1, 111. 11, 1. 111 111. - 1. 1111111. 1, 111. 11, 111. 11, 14.
1. 1111111. 1, 11.Ιῖ3 11 6111111. 11, 1. 117111,ἅ1.112191.1181ἆ111.ῗ1ᾓῶ1ΐ
1. 111111 . 1, 11111, 111. 1111, 1, 11. 111. 11, 1.’

1111 ,1.111, 111.-11111111. 1111.

111. I. bauvIIPl. I, 336. VIII, 111. 113.

1111. 11111 ,111. 111, 401. xx, 111.
1. 11111111 111. 111, 111. 1, 11 - 1. 1111111. 1, 11. 11. 11.

11, 1. 1. ivn, 4. 111, 1. 11, 1111.

, 111. 111. 1111111111. 1,111. 11, 111. 1,11.

 

