88881888. 88

818,888,888,888,888;88888) 166, 888, 166, 888, 888, 888,· (1888)
888, 888, 888, 888; (8888 166. 888, 888, 888, 888, 888, 888, 888888,
888, 888, 888, 888, 881888, 888, 888, 888, 888, 888, 888, 888, 888,
888, 888, 888, 888, 888; (8888) 888, 888, 888, 888, 888, 888, 888, 888,
260. 266. 266. 262, 888, 888, 888, 888; 88. 2: (8888) 8, 8, 8, 8, 8,
8, 10. 88, 88, 88, 88; (8888) 88, 88, 88, 64. 88, 88, 88; (8888188,
888888888888888888
88, 66. 88, 88; (8888) 888, 888, 104, 888, 888, 888, 881888, 166,
166, 888, 140, 888, 888; (8888) 888, 161166, 161. 166.162.166.126,
166; (16661188, 189, 195, 199, 200, 203, 204, 205, 208, 209; 116681
888; (8888) 216,246,246; (8888) 888, 888, 888, 888, 888, 888; (8888)
888, 266, 888, 888, 888, 888, 888, 888, 888. 888; (8888) 888, 888, 888,
297, 298, 299, 300, 302, 303, 304, 305, 306, 307, 308, 309, 310 ,313, 614;
88. 6: (8888) 111. 8, 8, 8, 88, 88, 88, 88, 88, 88, 88, 88, 88, 46;
(8888) ι88, 88, 88, 88, 88, 88, 61.62,66.67, 888; (16261121, 888,
888, 888, 166, 888; (8888) 888, 888, 888, 888, 888, 888, 888, 888, 888,
216,221, 888, 888, 888; (8888) 888, 888, 266,266.261, 888, 888, 888;
11819) 283, 286, 288, 289, 294, 299, 300, 301, 305, 307, 308, 309, 315,
888, 888; (8888) 888, 888, 888, 888, 888; 88. ξε (8888 8. 8888) 118. 8,
88, 66. 88, 88, 40. 41. 42; (1664) 42, 46, 4, 66. 88, 88, 88, 88;
(8888) 888, 888, 888, 888; (8888) 888, 116. 116, 116,120; (8888) 888,
131, 166, 135, 130, 139, 140, 149, 150,151, 151159, 181, 165, 188,
888, 888, 888, 888; (88881888, 888, 888, 888, 888, 888, 888, 888,
164, 888, 888, 888, 888, 888, 888; ,(8888) 201, 888, 888; (8888) 888,
888, 888; (8888) 888, 888; (8888) 888, 888, 888; (8888) 666, 888, 640.
888; (16611646, 888, 888; (8888) 888; (1888) 888, 888, 888; ,(1888)
888, 888; (16661412,116, 888, 888, 888, 888; 88. 6: (8888) 88. 8,
8, 88, 88, 88, 88, 88, 26. 22, 263 (8888) 88, 41, 42. 88, 88-88, 88-
88, 88, 88-88, 88, 88, 66, 88, 88, 88; (8888) 888-888, 888, 888,
115,118, 127, 133, 146-149, 155, 156, 160; (11021165-169, 172,
888, 888, 888, 888, 888-888, 888, 888, 888; (8888) 888, 888, 888,
888, 888-888, 888, 888, 888; (8888) Suppl.11.; 88. 6: (8888) 818. 8,
8, 88, 16, 12, 88-88, 46, 88, 88, 88, 66. 66. 88, 88; (8888) 88-88,
88-88, 102, 888, 106,101. 166. 888, 888, 888; (8888) 888, 146, 888
-888, 888, 888, 888; (8888) 888, 888, 888-,888, 888, 888; (8888)
236, 242, 245, 248, 249, 268, 269-271, 273, 276; (17081284-286,
888-888, 888, 888-888; (8888) 888, 642, 644, 642-662. 888; 88. 2:
(8888 8. 8888) 111. 8, 8, 88, 88, 88, 88, 88, 88-88, 88, 88, 888, 888,
122. 888, 888, 141, 166. 166. 166. 888; (8888) 888, 888-888, 888,
888, 888, 888, 888; (8888) 888 1888181888 888, 626, 888, 888-
340, 343 188 9 91888, 344, 941, 351; 181. 6: (17141118.19,26; 88 plem.
(8888) 88; (8888) 88 8. 88; (8888) 88, 88 8. 888; (8888) 88 8. 8818888)
88, 88-88 (8888) 888; (8888) 88 8. 88; 8888 88, 88, 888;(1888) 888;
(8888 188; (8888) 888-888 11. 160; 8888 188; (8888) 888-888;
(1888 888-ηις (8888) 888; 8888) 888 8. 888.

Α1188 11818881881881. 811. 1188188188 81818 8118811888 1011
88888 1888 9881. 881818. 28111. 1. 88,, 1881818. 111. 88. 1. 888. 8818181011 . 1.,
8888888811 8. 881818. 28111. 1. 018, 118118 00 118 (1888888188 8818118811 8118
11818 8188118 1888881181. (88111.1818.; 1881) 18118188 1ὢῖ gf* 8118 8881
118 8881888811 8888181181118,888881818 88888118 (18188118 . 88818881.
(8118 88. 1111. 88. 1: (8888) 118. 66 (1.888-888), 64 (p. 241 (1.),
116611 80 (p. 616-616), 61 (p. 616 10), (1666) 66 (p. 626-616), 106

((8.420-4191, 116 (p. 466-4611. 114-116 (p. 441—400), 119 (ρ. 466
-888), (8888) 888 (ρ. 888-8881888 (ρ. 888-888), 888 ((1888-
888), (8888) 888 (ρ. 888-888), (8888) 888 (w (1.), 888 11. 166

12· 888-888), 888 (ρ. 88888118 u. 126 . 201-216), 206-211

 

