111111. 111

11111111111111811111111111111111
111111(111111111111111111111111 111111 1.11111111)111111 11111·
, 11111 61111111 (1800) 1111 111111. 1111111111, 131111. 1. 181311. 1810.

1 5. 718; 1111 11111111. 1111111111.ι6111111, 1111111111. 1181111. 1111.

, 111, 1111. 1. 11. 1111. 1111. 5. 111; (1111)

6. 110) (8181) 11111 111).1111111111.ι6111111111,(1111.1. 18. Det. 1111.
6.110; (1118) 11111111116111111111). 61111111 11. 11. 111 ungam 11. 6111
1111111111, 6111. 1. 11. 311. 1118. 6. 113; (1111) 1111 1111111. 6111111,
6111. 1. 1111111817. 6. 181;(1181)1111111, 6111. 1. 11. 5111. 1117.
5. 11; 1181) 11111111, 11111. 1. 11. 6111. 1818. 31111. 1817. 61(
1111111111 1111.·1111111111111111511115111
111, 1111. 1. 11. 1111. 1111, Sento. 1111. 6. 1; (1111) 1111181111,
611111. 11. 911. 11113111). 1019. 6.11; ξΐίὂὶῗὶέἱεῶἶμηξιῇώέἕ
¹ mg, {085 1111. 5 11; (1180) 618111118111111, (ξὲῑῄ 1. 22. 3²2
1118, Sanhttgss18118‘285510,¹ 8(11141166) 1ῗ111α1111111111011111111 61τ1111ῗ11ἶ Secu.

1111. 5. 10· (1188) 611111111111111111111, (1111.1.1.111111111.6.118; '

(1111) 111111111611111), (1111. 1. 11. 11111 1111. 6. 118; (1111) 1111
11111111. 61111. 11. 8111. 1811. 611· (1188)111111116111111, 6111.
11111111 1111, 111.1117.6. 11· 1117) 11111116111111(,1111
1. 11. 1111 1111. ,1 ; (1111) 1111111. 11111, 111. 1. 11. 6111. 1111.
6. 191; (1181) 6111111111 16111111ὶ11111, 6111111. San. 1819.
6. 10; (1171)) 6111111111 11111111), 111. 1. 11.11111(1818.6.11;
(1171) Qum 1111111111111111, (1111. 1. 18. 6111. 1111. 6. 111;
(1171) 1111111 111, (1111. 1. 11. 1111) 1119. 6. 78; (1171) 1111111111

, 1111ι611111111111, 81111. 8. wem 1811. 6. 10; (1171) 11111111,

' 11111 1. 1111111 1118, 31111. 1117. 5 118178) 11111 fi. 1161111.
r 11. 1111) 1111. 6. 71; (1171) &eu . 1., 111. 1. 1811111( 18116.
J 11;(1111)6111111111ι111 1, 311. 1. 111111, 1111. 6. 11; (1111)

11111111’ἓ1111111111.11111111)1111111111

8111111111111ἵ, (1111 1.1811ἕ11111610.1.1111611111111111·

ξιαίξίῧὶειιῐὶὼίη 111818) 11111 11. 111111111ἳ11111111111, 6111. 1.
11... 1. 11· (111111111111111.11.1.11·.1111111111
1111. 6. 188; (8908) 3111111, 1111. 1. 1. Sug. 1811. 6. 18ος (1181) 1111

’ (1111111111) 1111111111111 111 1111111111. 11. 1111111111 8111111·
ῑ 1111111111 1. 10. Qun. 1818. 6. 109; (1188) 111111 1111111111( 111111

’ 113111. 1817.

¹ 11111161111111, 11111. 18.

, 181111111111111ἐ1111111111111111111 111 11. 111 1111111111111, ern.
(1111 11111111 1. 1111141911ξξῗθέξεῖὴ1ῠῗ8ξῐ6ιέἓῗιθῖἱὶιὶ1υώ6ωί11111ωῖῖ1111).
1 maen ““”ἶ“’““111”ἕ.ἳ 113ῗῖ0.11111111111111’1.1.12“1.1ῗ“1·11
ᾗ &RQ 1111ῐῖ11. 1111 5815 (1111) 111111 81111111111Ῥ 11111111111181.
’ 11111111111111111 11 111 111πῇ. 1Ἦὲ ἒ. {a &54⁹2 wachel? 3331:
ἶ , 1111111111 1. 6111111111, (1111. 1.α11.8111. 1110. ’6. ⁷³3 (42980) ε11111111
11111111, 111111. 111111. n. 11111111111111. 1111111111 111111, 1111.

ἒ 1. 11111 1811. 6. 171; (1181) 111111 1111111111( 118111111111611111111

J giba (11111111 11111111 1111111111 1. 111111, 1111111111. 1. 1. 11111 1111.
³ ...¹532 1111111111181111111ῗ11ἱ111111111111

¹* ,11111111 6111111 11 6111. 118 111 11111111111111111 11111111111111111·

11111111, (1111 1. 1. 6111. 1818. 6. 11ος (1111) 1111111111 1111111111

 

