011. 0110110110. 041

01010000 0011111110. 0016010100. 1100). 10011, 1091, 909, 010
. (0001110001οω.1000.10061010).-11.000(119’00 00111101.
00001110,1104).006(1100011.(1001.1144Ρο0001110.110100. 11001]

0010010001, 110, 61101101 000001100010, 11000100011000001011111110101-
01010 010001000101010. (00011011. 1600.) 601101 .

01110101 6011110111 31011 6111111111 001 01111011 01111111 0111111111 311·
111 0111 1111111 1111001011 0111111111111 11110111, T. 111111110111111111·
0101111001111111111. 0111001140. 4.

[V. 6. 07 (0000110. 1111100. 011100. 10411]
6110111, 301161100111111111010 111 1011111·1. 01011111010111 011 011101
10101011110111. 01110111 100-010001.

bgbfltmffilgsfi 11. 111. 0οο (1111. 111 01101111. 0011111101. 0111. 01161.

61111111, 3016111,001111016001111101110111101111111101011101161·
111110010101111161111.0111111167.

(6.100-100 (6ὤ111101111 011 0111001111011111101100 01 0111101.
,01101111 11710). 1001110100 00010011. 1101 011.
1111111111001001001011110011

0010101101111011,1111111101111101.0110111106100111.00. 11004-
0010000001, 801001101011110101101. 011.001111,6101,0111011.
116411 1. 00116. 04.

[1111111 (1101) T.·11p 111 (1011) 111 (1101). T. 1v.p ,111
’ (1411). 010. 11 (1110), 111 (1100). T. v1· 1111 (1140)]

emuna. 6011111, 1011111011 ·1. 11110 6111111111. 110. 11. 1 61,
414011. 011, T. 6. 00. 77. 0110.6.0111.7611.100110·100111.
100111. 170 11101416. 104111. 110111. 011. 00116. 100,

1111111101 1011111101 1111111111 0611111110111011101111 1011 010110111111
1101101111 61010101 111 1111111 0111110111 0111110011 T. 6100011011
11 Tenen 1101111111 0001111111 110111000111111111 (0111111110 01111111
01111 011111 001 1101111100οῑ1 1. 61111001110111111. 01161 1111111111 011
600001111011111011111111011101001111111111111. 110111. 0. 011. 1100.
11. T.

[6, 100 (110100 00110011. 00 011000. 1106. 111. 0. ,’111010111100·
1001101001. 1003, 01101106100-1061117711.00111001.
T. 0101111100 111. 1400]

ἶ 0111110011111101 0111111.1.611101110111,6011>00 Ι11110 00000110 1101-

001101, 0011 0011111111 6101111111 011 0111110110 01011111 0011110011·
1111, 1111010 01111111 11111101111.00110001011011011100101110111
011101 0111011· 01111111, 01111011 (1740100111101111 11111 1111111 3111111

011011111111101011111.0030180111 10111111 011. 0011. 1110.
1001Ί1110711.Δ1ι11110101 01111101011111001Ρ13110 (1111010111ῐοί11ζο111ιι 00100. 1111111

76111. (1111. 014000111010 1111100101. 1111111601111 100110 T.
011081001.00110111110111010011110100.010110..) 770 (J. 010.
ᾖᾞῖῐέηορῖῧέξὶ) 1000) 007 11. (1061). 010 (1077) 000 111 (011101.

¹T 0100011,0001000100.1100100100011111111001111100010οη0. 0101111.
01111. 011010 0001111 01 0011011101. 1111100. 1670. 4.

 

