111 1111111111.

1110 111111111111111, 1111111111. 1. 1111 13. 1³10 11111111 18 111
1111 oenc 1111 3111111111, 11. 1111 1111ὓ111111. 11111111111111111111
1111 11111 11111 11111 11, 111111 111 1111 11111111 1111 1111]

81111, 8.111111111111111111111 (111 1113111111 1181, 1191 1111181111
111111. 111 6111111111111111111111, 111 111 ὓ11111111111111111111 11111
111111 111111 1111111111. 611111. 1146.

(111111111111111. 81111111Τ11111111111111..111111. 11 1. 1111111111. uui·
1111111111.

Codex Diplomat. 111111111111111111. 1111111. 1. 11111111111.1111111.1111.

(1111111111111111111111111111111111111. 11 11111, 11 1111111111 1111 111
ὓ11111111111 1111111111 11 1111111 81111, 111 1111111 1. 8. 1681, 11111
111111111111111 1. 1111111111, 11111111111111111 111111 1. 1111111111
1111, 1. 1111 1111111111111 11111111111111 1. 1111 1111 11111111 1111111
1111111111111111111. 111111 1. ς111111111111111,11ιί1 1111111111 111 111·
111, 11111 1171111 11. 31111. 1111111111 11111. 11111111 1111111»
11’1 111111.

01111111111111111 111111 1111Ιί111111 180 1111 11111, 111 1111711111
1111111111), 111111 11 1111111111 111111.

1111111111 111 10 111111 1111111111 11111111 (1. [t. 1870 1111111111
11111111 111 61111 11111111, 111 1. 1111111111. 1. 1111111111. 1. 11111111. (11111.
1. 6111111.

111111 111111111 1. 11111111, 11111 111 1111111111 111111 11111111111111111
111 11111 1113111, 111. 11111 11111111111111111, 111111 1111111 1111111111 111
111111 1111111111 8111111111 1111111111 11111111 111 111. 1111111111.
11111111. (14 11.) 11 1. 1111111111111 ῧ111111. 111 11111111. 111 1111111111
1111. (1111111111 1. 1111111. (1111111111. 11111111. 9³.)

111. 1111. 14. 111 11111111. 11 811. 11 1.011111111111111111111. 1111.
1111111 111111111111111. ὅ 201 111.

11011311ἒᾶ131 1111. fib. 111 11111111111111111111. 111111111 1. 111·

1111111111 111 1111111111). u. 1111111111. 11111111 11111, 11 1111111111 1710
1111111111 1111111. 6111111111711. 1111.

1111111111 111 1111111111111111111111111. 1111111111, 1111111111111710
1111111111 1111111. 6111111111711. 111.

1111111111 1111 11111111 1111111111. 6111111111 111 (1111111111 111
11111111 111 1111111111. 111111. 1. 1111111111. 11111111111111.

0111111111111111111111111111. 111 11111111. 11111111111111111. 1111·
11111,1111111111.11111111311111111111 1. 11111111 111 111111. 11111
1111, 1111111 11101 1111. 111 111111111111111 1. 1111111111 1111111111 111
111 111111 1111111 111 1111111111 111 111111111111111. 1311111111111111
1111111111 111 1111111111 1111111111. 11111. 111.

 

