218 1111111111.

11111111.11111181.’111111111111111111111·11·
111 111. &agen (111 6111111111),111111119111111111,118 t. 11Ῐ
611111111111111111111111111),(1111111111,11111.811111.1111111.1
(Q. 11. 11 11. 14011. 111 11111111. 6111111111. Q 2³5-313. 111 111111.
11. 1. 1111111111. Q 811-818), 111 11111111. 811111. 1. 11116. 11 11.
111111111111111111111.1111111111.1ῧ.160-118;1111111116111111
1111. Q 118-118). 1111 (111. 11. 611111111111111111111.1111111111.
1111 snb. 1111111111. 11111-111. 111. 1. (1111111111. Q 111111.-
111111111111. 111. 1: 11111. 1. 1111 11111111 11181111111111111111111111.
11111. 1. 1111111111111 1111111111ε11111111111111111181111111. 111111. I.
Q 33-88. 111. 11. 1111111111 1731. 11111. 111 1111111111 11111.
111 (111. 1 6111111111 1111111111. 11111 111111111111111111111.
111111. Ι. 1111111 aueo 111. 11111 81. 111111. Q 19-21, 15 1 ., 81-34,
1111·11111181.11111111111111111·

In juro 11 sacto 1111111111 facti species, 1111111111111116111111111111.
1111111111 111111111111111111111111 1111111 1111111111 111 bie 11111111 11111 1111
111111111111111111111111111 11111111 111111. 1111111. 1718. 111. 1111. 111 1111111111.

11111111111111111 1111111 6111111111. 1111111111 111 1111111111 111 11111 111111
1111111111 111 11111111 ῦ111111111 11111 1111111111 1111111111 111111 1111111
11111111, 1111 1111111111. 1111111111119. 111. 1111. 11111. 1.

111111 8111111111 1111111111 1. 1. 111 (111113111111111. 11111) 111 11 bem 1111111.
11111111 11 9811111 1111111111ὓ1111111ιῧ111111111111111111111111. 1111111.
1111. (181.)

&aaa 11111111Θ 11831311. 31111111. 111111118111111. 1. 1. 1111811111.

&titre 111 11111. 811111. 111111. Ι. 11 8111111111 a. 1. D.; 1111111111
masten. 11111. 11111111 1111111. 111 1111111111, 1. 1111111111 u. 1. 11.
(111111. R. T. V. X. Q 395-3111. 398. 11111011 ῧ1111111 811111. 111111. 1.;
1111111111111. (1111111111111111111111 18. 3111111111. 111181. 1831. 111. 1.;
1111111, 811111. 1. (11. mit 1111111 8111111111 1. &amantea (Q 3⁸³ 111.1;
1111111111 (11111. 1. 1111111 111. 1 1. 3. - 1211111111 111111). 1. 1111111ι
1111111 1111111 111. 1 (Q 111-1861.

&timim 11. 1. 1111111. 11111111 Qtnutfla 11. 8111111111111111111 11111111·
1111111111111111 1. (111111111111111111111111 1. 11111118, ,1111811111111 118
11111111 1111 111111111111 11111111111111111111111111111, 1111151111111
1. 111111111111 u. 1111111111111111111 11 61111111 11111. 11111 11111111
1111111111 mit 11111111111111111111 1111111111 1. 1. 11. 81111. 81111111.
1111111. 1116-11111. 1111. 91111111111111111111111111111 11. 1. 11. 111. 5.
612811.

[Qua ς11111 11111111 11111 11111 1111111 1111111111111111111, 1111111111
1115111111111111111 1111111118, 6111111111, ὓ111111111111. 6111111111 11. 1. 1111,
1111111 1111111111, 111111 111 11111111. 1111111111 1111111111 111, 1111111111111
1111, 1111111111, 111111. 1111111, 11111111111111, 111111111111111111

..μ-

*1111111111111 111 1111. 11111111. 1. 11111111 (Romen humique d'wm. dt 1111111111
1111.111.1.111-111),111111111(οο111 11111111.11111111111189161111111, 110,
11111111,1111111111.111111811111111111111111111111.

 

