5551155111. 455

51511 11111 5151115111 551. 511. 111. 1151. 51 5111111. 1. ni. 5511111151,
511115. 5118115515115 511 exercitii 1115151115. 5111111511 11 5151111111. 1.
ὓ. 1658. 4. - 555115 5115111 5151115111, 5111111115 511 511515111111111111
5111511111 in 51511511. 1670. 4. - (1111111111 511 5151151511 51511111
5111551111 in causa Religionis 11 exercitii Aug. Confessionis. iol. 1. 1707.
- 511 5155111555111151 5111111111 11111151113511515111111111115511
itii. Jonpho 11. 3511 annin. 5111151. in 5151115111 011111 xn. 5111115111,
511 51111 111151111511 5151151111 111551111151115111551151115111151151.
do 111111 1151151111. 1 5151111151. 1707. 511.

ιο--ι-ιὴ

51111511151 11111111511511151111 5511111111. Quini, 5. l,
1111115111 511 51151511 511 5111511111 51111111 111 minitanter. 5111111.
1145. 51. 4. (615 n.)

5111115111, 55111111. 5151151111511 5111111511 11. 5111511115111
1115111151 111 inea-1600. 51(151.114,111”1511115111111’1 51115. 5.
5. 1511511511. 1. Delon 5151 zi. 1. 5. 41. Nn. 146.

11 5111115111 511 511515111111 1. 15311, 1579, 1617 (5115555515
5115111151 111. 511 5115551511 n. 5111111511( 511 51151111515511111·
151111 1. 511 51511 5155115111 5511551111 5111111111 1. 5111111111 11111·
51551511 1115111155, 1551, 1657, 1659. 555151. (1115151111511111111111 11
5. lis. Borunn. 511. 45 (,15115111111111111“) in 5. 5511151. minti. 5. 5115111.

1115111111115111111151, 5155511515 1111 5151515111 11. 111 511115.,16.
11. 17. 31515. (1111111115, 11151111111111511511151111111151), 5115555-
511 (75) 1511151111111 (51) 111 51111115 511 5151111151.55115111111
5511111 1. 1. 11. 11 51111111 5111111115. 515511 1151151115 51515. 551.
51151151. 1. 51 51511115. 55. 1. 5. 41. Nx. 144.

5115115111111111 {bnt 15 51151 5111111151 11 511515115111 51141111, 511
51151111. 511111, 5551111111 511 51151115 5155115. 176 5. in 511. 5515111·
111. 51551111 51111111 51115. 551 5. 51151151 1. 51111. 15111551.
Θ. 41. Nr. 546.

flam, 5111 5151155111, 511 3111111111 n. 151 5111151111 115115 5111151115.
5115. 1111. n (11 n.)

g 5111111 511 15511111ῤ11515151 1511 511 3111111111 111531116181
30.. &nigimfsbffiss' 51 5115111515 1 511 51111111151515111111 51151151.

1111115111511151511111 1151511111 511115111511 n. 5511151111 5551111111
5151111151 1. 5115 5515111511 (1115111 5111151151 515111511511111.
saec. xv-xvn. nn. 11111... nn 111 1111. 1151. 1111115. 5111111.

11551111, Andr„ iannenl’rivilegia 5115115111151181151115111. 51111.
1553. 511.

1115111111 511 55111511511111511 5111115151. 5511511511. nnn. 511.

6111515, 5. Q, Libet fundationis claustri 51111115111111 virginis in Hein-
1111111. Dia: 5151511515115 511 51111111 5111111511. 1111555551.
51155.,111511. 1. 5111155111. 1155151. 5111111. 1154. 514. (1111111111.)

 

