111. 01011111. 321

110 ε. 111, 1111111110-111. 6. 111-110 (1111). 11. 111111.
,1111101111 111011111111111111101. ὅ. 000-111. 1101111111 11
11. 1. Q 301-30411. 11. 1. Ε. 101-311. 161111111111101111 m
11111111 1740 u. 1741 un 1111111111 0011 ς11111111, 101111 111113 11 eu
1111. 10111111111011. 1111111111. 0111111111111151111111, 0111111111
111111111Ξῦ111111110111, 1001110111, 0110111101111, 1111111110. 11111]

3011110111111 11011111110111 (1111111111 61111110111111111 111 m·
11111111 0111111110 11 111 1111111 111111 1111111111111113111101111,
1101111 111 1111111111 1111111111 1111111111 1111. 11111111 111111. 1111
111111111111111, 111 111 11111111 01111111 IV. 1111111111 1111111111
10111111. 011111111011111110111. 8111111. 1. 111. 1751. 4.

[1111111111111 6. 11 1 . (0111 11 1101111111. 111111. 11111111. 1100). 11
-21 (111111111111111111111111. 1309117 fg. (11111111. Β11110.11Ι.111·
dpsberg. 1111111. 1314). 67 fg. (Waldom. 1314. 69 1 . 1111. 1. 11111-
110. 11111111. qt 1111101111. March. 1314. - Wal 1111. 118110 . 1111111111-
1311 1111111211111111111ᾶ111.1111111111ὅέ 111111
11. 111. 1. 111. 11111111. 111 111. 01111. 1. Mt. 1114). 10111114.
11111111.111111111111.11111111
1111011.Β1111(1.).106(Ι.0(111. 1111111. 1111110. 1339). 210 . (1111111111
11111131111011.110.3011110. 00111. u. 1. 11111 011111 111111. 1111
11111. 11110. 1341). 111 11111111111111111. rand. 11. 1111 1111111.

1341011111. 224). 155 (1346). 17011347). 171 (1111101. 11111101

1111111111111. 1341). 973 fg. 11111. 110 111. 110110. 0. 111. 1149ὲ. 174.

111ὥ110 u. 111 (1111). 114-111 (11111111. 11111 11111. 01.
0. 1111. 19101117 1101111111. 111101. 111. 1110)]

301111 11111111 0. 0111111010 11101 0111111011 11100011111011
0011111 01111 111 lv. 100111 1111111 111111111101111111110111111111
1111111111111 6111111111 1111111111 311111 111 bem 0111111111 11111111
1111110111111111. 111111. u. 111111. 1766. 4.

[Aurea Bulla 011011111110111111. Imp. 11 11111111. 111. 11111 101111
auf 1111 110111 1111 1111111 10 1111111111 1111111111 3. 1350 1111111111
1011111111, 111 111 111111111111111111111001 110111111111111111, 1111
1111111111. 1111 0111111111 1111111111 111 1111111111, 1111111 11,
111111( 11,101111111111111 1111111111 111 111011611101111 11 11
neuen 111111 1110111ἓ11111ἓ1111 (mmmmm 1111110111111111110111·
11011111. -1111111110 neb: ,7-13 1111011111. 0. 3. 1919. 01111.
10111111 1111111.110111111111
(1101011111. 11111111110111111111. Brund. 1001 . 69 (1111111111.
Dux westph. 11 An 1.·01101111011. (11 1111111111. Τ 11111111. 1111111.
(11 Lusis. 8111111111. do 0111111111. 1110). 73 111111111111111111011.
1111111. 11 0111 filii 1111. 10111111 (11111.1.111011111111111.1.
111111. 1309). 111 (ott 111 1. 111100111101011111101). 110 u.
1701111111. 7011. 71 Sy emund 0. 1111011. Β ,1.111111111.
1111. 1410). 111-113..1.11111 deooi 10111111. 111. 1410.
193111. (sigism. 11. 11101. v. Numb. 14101111 111( 111111
1011111111. 1410). 191 (10111111 gr. 1. 1111111111.1411).111,
194, 191, 199, 10111101 (11111111. urggr. 111111111141011. 1411).
200 111011. 0111101. Burggr. 1. 11111111. 1411). 301, 1191111.
941 11. (01111111. 111111111111110111. 1411).)

31

11110.

 

