103 31111111.

rullo, Jo Fr. (11717), Codex Traditionm (1111111111111 11111. 1101113111.
1751. Pol. 1111. 111. (111111.

[p. 133 (1013). 337 (111111.1111111.0111111. 1111111111 1119). 341 (Adol-
1111111111. 1133). 34311.(11111111.1111111). 31111 1111111). 11111111.
1. &obn 0111 1143). 731 (11111114111111111. 3111111111111111113111111·
111111). 709 (11111113. 11 fil. 1111 Otto 1111111. 1111). 90311111111111111.
de Brandenb. 11131ἳ11 Otto 1. 3111111111. 3111111. 1111111). 31111.
1147). 903 (111111. mare . do Brund. 1. 1. &bne 01111. 1111111. 1147).
921 (1111111. march. 1. 1. ᾧ. 01111111 Η11111.1111111.1130). 930
(Otto Β111111111.111111. 1391)]

8111, (1. 3., 91111111111131111 1111 1111111111111111111111 311111, 1111
1111111 1111111111 111 11111111 1111111111 1111111 3111111111. 311111.
1749. 1111111. 1111. (5. 14. fg.

111111,11111ι.11., Monumenta varia inedita. variisque linguis conscriptn,

’ nunc singulis trimestribus prodeuntia. 11111. 1714-1717. 4. XII Trimostr.

ffu³⁹4 (3111111111 Dux 81111111. 1139). 590 (1111111111 1111111111.
11111. 1140). 592 (1111111. 3111111111. 11441]

(rma.) Histoire des 11111111111111111111 11Ρ111111.Ρ11111370. 31.
1111. Τ. 3. p. 137. fg.

3111111, (1., (3111111111 111 31111111 31111 1111111111. 11111. 1353. 4.
311 Q 14⁷..152 (1111).

(8111111.) (11111111113111111 111 1111111311111311111111111 311111 31111111,
13111 u. 9111111 11111 11111 1111111111 111 111111111111111111111111111 113
1131111111 11111111111111111. bet 111111 1111111111( 111 11111111
3111111111111111111111111 31111111ιῦ111111 113 1111111111111 1111111111
1.1111111111111(31111111111111111. 11111 1 1111111111, 3 311111111111 1.
171111111111111111. 3111111111. 1773. 311. 1111111

[1111111111 1. 111111111ῢί311 p. 79 (11111111111111111111131111111. 1. 1144)]

811111, 111. 31111311, 111111 111 (1111111111 111 9111113111 1111111111·
1111. 11111 1111111111. 111111 1730.

[311111. 11111. 111. Ι. 6. 113111. XXVI. (1434) ὅ. 161-1361

11. 31111. 3111111. 311. 31111113 1111111 61111111 117 111 (1111111111, 11111
&tantm 111 1111111111. anit 1111111111. 11311. 31111. 1731. &gt
11111113 111111. 113 11111111. 3111111. 111. 1. ὗ. 111-1141. 346 fg.

[31. 1: 3. 11. 1111. 1. 1. 11. 11-11 (1111). 111. 111. 111 (1111).

11111. (1111). 111111. 11111. 3111. (1111). 111-111 (1111 1. 1111).

111 111111). 31. 13111111. (11111. Q 1111111 &a
11111. 6. 11311111333). 114 1111415). 1371113. 14411 . 150. 1115
(11112. 111 (11111. 111. 111. 111 (1111). 111 (1111). 111 111. (1111).
111. 11 11. (1111 . 111 11. 111-111 (1111). 11111111]

do 1111111, Histoire 11111111 et 1111111111 do 11 (1111111131 1111111111 ou (11
11 1111111111 1111111111 (11111111111111111 do 11 monarchia, 11111111

fin du 1111111111111111. 111. (3 Τ. Ρ11. 1303). 7'1'. Paris. 1311.

wie 1111111111 1111111 11111 1111111 , 11111111 111 111 1111 1111111111
. ’1131111111 111 111131111111111 11111 1111111111, 11 111)Ι 111

11131111 11. 31111111 1. 31111111(1.111311111311111111. 11111
1111. 111 111 1111111111). 1111. 111111. T. IV. ,413111 11111 soeret
1111 11 Prusae. 1716. Τ. V. ,111-117. (101111111131111111111111.
111. 311111. 1. 1111111111. 174111]

 

