422 1111111111.

1111101011 11111 10111111111111111111111 ,1111111 Closter· 11111101, 11.
1111 10 1111111111 111111 111110111111111111111 111 1111111111 1111011111.
111111111111111111111111111111 111 111. 31111111, 11111 1111111111 111111
111 61111111Ιὶ110 1111111111 11111. 1110110111.11111111111111111. 1111 ὓαι
11111111 11 1. 1111111101 1111111111. 111 0111111111. 3111111. 11101110.
ὅ. VIII-X. 1. 3111111111 11 1. Cod. Pomer. diplom. (Ξ. XIV—xvii.

ἱ311111 1111111111 1111 1111111101. 3 mitt. 1111111 011111 11111111 1111

1111111111111111*13111111111111131
11111 11111 101111101111111111111101111 &biiii 111111 ..1111111 11111
11111”, 11111111 111 11111111 111111111111011111 111111 ,1111111102
11. 1111 11111110011111 „Non 111 1111111111110, Ploghe 1111 goi·
311101 1111 111 10 1111101011 111 1. 1101111111. 1111111111 1. 11111111
111 1111111 1111. 111111111111,1.3. 1133111111 1111111111 ,11 nomino
8111111 11111111νί1111. Trinitatis. Patris ot fiiii 11 s 1111011111ῐί. Ego Je-
1111111111 eiust), 1111 ohne 1111111111111.,111”1111111 1111 1111 ibri 0111111.
111111111Ῐῗέῗαιῖἷιιῗῖῐὲἶί’11111111ιῖ1111111ῗηὶ11111 1211111 fiii
111111. 1111 1111111111, 1111111111111111, 1111111 1111 11111111 11111. lion
iol. 1-33. 111 1111113111111124 1111111111 &eim 111101 111 11, 1111
111. 10-13. 111111 111111. 1111111. 31. 1111 111 (1111111 ige 11111111 [ticin
1111111 3011 1111111111 11111 1111111 1111111111 iiiuc 1. 11111 1111111111
11111111 111 111111. 11111101. 13-31 11111 111 111111111111111111, 111111
1111011110111, 11. 11111 11111 1111111111111111 111 10. 3111111111. 11111111. 61.
11 111101 11 111 &tene 111 1111111111 11111111 11110101111111 11111111.
11101111. 111101111111101 1111111111. (111111 1111111111), 111 1111 111
01011110 111111. 1111111111, u. 11111111 eine 111 11111111, 111 111, 11111111
1111111111111.. 3 111111 1111101110. 11111 11111 11111111 1111111 111
0111110110 111 11111 1111111111111111011 1101 11101111111111111111
1111 1111110111. 11111111 11111111. — 11111111. 1111111111 1111111131
11111.. 101111 1111111.. 34 111 10111110 (1111011111.) &madii (111 1111 1111111111.
1. 3. 1314, 1111 111. 16; 111 111111111111111,1.3. 1301111301. 1 1111. 111
11111.11.311111..1611111.111111111. 13.. 10710111. 11, 13111 1. 15., 1 uri.
111113 1. 11311111. 411111. (Nr. 72, 1319, 111) 1111 1111101101111
101. §Die 11111. 1111 1. 13. 311111. 1111111 1111111111 111 1111 1111, 111 1111
1. 11. 3111111. 11 1. 1111111 1111111.,111 11111. 10. 3111111111. 1111111.
1111 111011111110111 1111111, 11 11111111 1111111 3011111. 1111311111
11101 8111111, 111111 11. Nr. 31-10. 11111. 111 11111111ιὶ111 11 1111111111
{agiu {raim 1011111011 11111101, 1110011111 1111111111111111 111111
uer 1.

[1111111111 duo monasterium Burgenae in insula Rugii conoomoniia (cigenti.
311111, 1111111111. 11111. 113. 1313 1111 10111111 1. S. 1170 1111 011·
1111101111; 11111 1111111111 111111), 1111111 111 1111111111 11111. 1111111
11’1 61001111111111 111111 1111111111 11111 111 &tabi 61011111 ungo
11111 1111111 1111111111 11111 11 111 11111111 31111111111111111.

hie 1111111111 111 31111. (111111 (111 1. 311111 11111111) 11. 111 1111110
1111111111 1111111111 (11. 1111111111 111 11111111), 111 1111 11111111. 11811.
(07 11111111111131111. 11. 1111 61111111 11111 10 111111 11111011111111111110
10111 (1111111111 111 111 mist. 1111. 11111, 111111011111111111111111
1111,1110111111111111111111111 11111 1111111111 111. 1111 1011 11110111
1111111111 11111 1111 111131111111111 11111 11011111 1011111111 ,1111111111
1111 1111111111 1111 111 1111101 &citt 111 1111011 1311111 111111·

 

