1111111111. 010

mu, 3. R, (11111111 111 ῧ1. 1111111111111111111111, 1111 81111111.
b. 1111111111 1. 61111111. 131111111111111111111. 1111111.ι11111111. 1141.

oulen), ῧ111.,111111111111111111 1111111111 11111 1111 11111111 1111 111111
11111 1111111111- 11111. 11111111. 1740. 4.

0111111611.. (111111111111111111111111 111 1111111111. 3 6111111111).
fflmwwmmzfflfflmffi

§wQssmwmmmfflmmmmmmmt
omssQQMQMManmmwffin
11111. 11111111.11111111111111,1111 1. 3. 1731, 1701 u. 170911

&wiht 1. Q, 11, 111111. 111111111111 1111111111. 111111111111111111111111
1111111111. 1111111111. 1810. (1001.)

mli 311ω1ὲ111 1415 ἓξ {guni3 129815-33111. 31 11. 111111. 35 fg. Unm. 18

11111111111 1111111111) 111 111111111111111111. 11 3111111.
vult, 3. 1111, 13111111 11111 [1111111111 111 1111111111111111 1111111111 1111111
1111. 111111. 11111111. 1785-1707. 4.

[tugiam 1. 111111, 11111111. 4711111, 0. 3. 1118-1144 (111111 11111. 1111

¹¹¹¹ ”·11111,11ῧὲῗὲ1111111111131111111.·1111111111

Ῠέἕὲῗῃῧ. 100 Θ111. 11111111 . 1. 11111, 1111111. 1111111, 1. 3. 1411-

, 1099, ὢ. 101-191. 1111 11111. 1111111111 11111 11111111.111111611111111.;
1111111111 1111111111 1111 111 1111111111. 1111111111 1111111.)

,1111111111 11011111111 110111111101111 civitatis Rathonovi803 conseripsit
111 huno librum Thomas 1111111111, Notarius 11 8111111111 hujus loci.
D. 1. 1111111. 1598.“ 11111111. (1811) 11 111 111111111111111 1111111111

Βῧιυιὲιῖῗηὲἳιη1ῗ11111., 11111111111111111 11111111111111111101111 111111
1111. (31411.) 11111. 1111111. 1801.

gin 1111111111. 1111111111. 1. 11111. 1.1111111111.,901111,1.3. 1117-1010.
. 1-13. 1111111111 1111 11 11111111111111 111111 1111111111) 111111 11111.

118111111111 1111111111. 1111. ffi. 111-31. 81. 00 fg. 01. 03 fg. 1411.
mmmwmmmmmmmmwmm

ῦο1111111,11111111111. 11111111 1111 6111111111. 1040.
θ11111111111,3.1., 1111111111 1111111111 1. 8111111111 111 &teht 11.
31111101111111. 11111111. 1711. 4. (108 ὃ.)

[mer 111111Ιί1111 1111111111111 3111111111 11 1111111 11111 1111111111,
111 11111 11111 gd, bigati& Ἧι151ξ11ἶ111ῗυ111ῐ1111ὀὲῗ11ἔεὲξὶῗξαξίεοῗαὲί ’1111
1111111111. 111111111111111111111111111. u. 1111111111. 111111. Qun:
11111. 1707. ὦ. 110. - ,1111111111ῧ11111111 u. 111 lagen 111
&mammen δ1111ιΘ111111111“(1.1111111111111111111111.
ἓ. 113111-1160505] 1. 40 11111, 11111111 11111111 1111111, 1. 1111-1011,

3111. (1111111113111118Τ11111111111. 1111111111. 111 1 (1111111111, 111.
1111110011 (1 (1111111111 1. 341 1. 197 ᾧ. 1. 11111 1111111 11111111.)
11 01 (11111100 Θ.) 111 1. 11111111. 1111111111. 1. 1111111.

[8111 1 (1111111111 1111111111 111 11111111 11111 1111111111111 111111. 01·
11111 8 111ἐ111111 11111118 111111111111111, 1111111 11 111 1111111111. 11111111
11111. a. 11111111-111. 01. Ε. 01-04 111111. 1.. 1 11111. 11. 1107,

111111 111111 11

 

