1111111111.

91. 1. Νι. 166, 141 146, 141, 161. 8111ι111.6.111.651.-6111111 4
111111 81111111. 81111 g. 1. 3. 14751181. 1. 8. XXIV. XXV. XLI.

Nr. 711. ibid. 1111111111

105. 106. 190. 189. 988. 940. 949. 945. 946 947. 989. 996. 807. 367.
. 311.174; 81. 1. (1111111.) Νι. 950. (8111111. 1. 9111.) Νι. 944. 945. 946. ‘

947. 971. 973. 981. 984. 994. 815; 81. 4. (19111111.)
(99111111.) Νι. 3141. (8111111. 1. 8111.) Νι. 97. 960. 1770. 1171; 81. 5. “
Νι. 88901 81. 6. Νι. 71. 969. 847. 677. 887. 959. 1946. 1999. 9069. ²
1ο64; 911. 1. Νι. 1516. 1614. 1141. 1661. 1666 (81111111 1111111111

Νι. 99911, 4471.

(11111 (11 111111, 8111111, 811111.. 83111111, 81111, 1811111111, 811111.
1111 1913, 11111118111111111 1471). - 81111111. 111111ῇ1111 1475) 81. 1.
Θ. 11111111111111. 111111. Νι.745.1149; 81. 9. 1 11111.) Νι. 588.
(1111111. 1. 1111.) Νι. 166. 161. 161. 161. 111. 161. 361. 611; 811.

11111 Νι. 9. 94; 81. 9 Νι. 91. 99. 103. 104. .

(1. 9111111.) Νι. 9991.4471.(9.1111111.) Νι. 3141. (8111111.) Νι. 341. ,

8571 811. 5. Νι. 8891; 81. 6. Νι. 195. 980. 987. 951. 958. 959. 960.

875. 890. 1946. 1994. 1986. 9061· 81. 7. Νι. 59. 15481544. 1546. 1547. 1

11151190. 1141. 1151. 1169. (81111111 1111111 111 (1111111111, 8111 ’
, 11111111, 31111 11. 31111111).-ξ’ςι”11111, 1111111, 8111 (b
8. XXV. Nr. 77; 81. 9. Νι. 597· 81. 5. Νι. 4988 11.4470; 81. 7.
Νι. 1100, 9034 111.1811111111,,81. 9111111, 81. 8111111, 8111. 1111111
11. 3111, 5111 111111 1. 3111.. 8. 111111 81. 9. Νι. 110; 81. 5.
Νι. 97731 81. 6. Νι. 990 u. 931 (81. 811111, 01111111 6. 9111 81. 9.
Νι. 1811 81. 1. Νι. 715; 81. 9. Νι. 189; 81. 8. Νι. 980; 81. 4.
(1. 1111111. Νι. 7051· 81. 5. Νι. 4931 (8111111. 811 ; 81. 1111111,
8111111111, 11111 11. 1111111.. 11111111, (811111 1. 8.). - 81. 19111111
ellenbogen: 81. 1. 8. XLV. Nr. 750. 115. 991. 10511 81. 9. Νι. 10.
.1.1
1111. 111111111111111111111 11111 111. 1. Νι. 111. 5111 61. 4. (1. 1111.
11911111111198115 8111111· 8181.811“111·.11.”11ἰ
1111111111111.111911811111111111111118
11. 111111.) Νι. 6141.; 81. 1. Νι. 1166, 1111111115, 1111, 1661. 111.
. 111111 81. 1. Νι. 915; 81. 9. Νι. 887 ; 81. 4. (9. 9111111.) Νι. 31411.
9111111 81. 4 (9. 1111111.) Νι. 3141. 81. 911111 81. 9. Νι. 191;
81. 4. (9. 9118111.) Νι. 81411.; 81. 7. Νι. 59. 8111111 81. 9. Νι. 910.
..111116111111.1116111111· 611
81. l. 8. XXV. 11111111 ς111111111111 111 81111111 81. 9. Νι. 114.
11111111 8. 1111111111 81. 1. 8111111. 11111· 81. 1. Νι. 1544
(·.111·..1111111111111111111· 111116
(811111111111). 899 (811111. 1311191111 ul. 1118181111111181.
3. 1895). 811 (1830). 1897 (1848). 1849. 1518; 81. 4. Νι. 1595. 1. 3.
1111 (81. 811 1. 111111111111,1.1ι . 11111111 8111; 8111111111
1111111111. 1111111111811-(1111111111.1101-1351)Νι.0111.
. 811111161111, 1195); (9. 9111111. 1. 1395-1419) Νι. 11175. (8114
1111111111, 1410); 90171. (81. 8111181111.31111111,1491); (8111.
1. 11111. 1. 1451-11) Νι. 611, 1111, 1111, 1461, 1661 (3141111111 (11.
1131111111 11. 311111. 3. 1415-1471),1011 11 1593 (81. 1. 3111
11111111 11111111, 1. 1415 u. 1471). - 811111.1.1111111111; 81. 1.
8. 111111. xxxvl. Νι. 114. 141. 161. 164. 116. 655. 611 651. 161.
611. 1616. 1611. 1144; 81. 1. Νι. 154 115. 116. 111. 516; 81. 1. Νι.
808. 991; 81. 4. Νι. 15881567. 1569. 1769. 1770. 1864. 9088. 9099.
15111. 1111111111 811111 u. 1. 11. Νι. 64]

8 um: 81. 1.

 

