941311433434 ιι. 331144. 101

mmmfflmmmmmmmffl
4333, 4344, 4344, 4334 4343 4343, 4333, 4333, 4333, 4333, 4333, 4443,
4433, 4443, 1444'. 4433, 4434, 4433, 4333, 4333, 4333- 3131141113
1131443443 433333. 11131. 34413411. 3314. 344 3344 03411341 61311411 3344
11134144 5550, 331444 5155. 3. 1114 43111. 333 4434 113313113311344
144431143391134133334. 1333, 31391143.114131433.3114444,3.
Ι1113833137411113478014133323134 147341, v⁰b505⁰5hby 11101111ὶίι ,11011
4334-1343). 1343344. 1360. 3443131333.- 3314334433. 3. 431331.
- 3314 4333331414141313314.1141334.11.4.1443314344
5155. 11341 1443 1433 14144 1455 1431131313 343 111441 43114.
355 3311.-1ι ,3.33 111413. 33. 55. 11. Caesar. -,83331334411 ,13333433-
833313444ιέ -Q 334 031133,834.111344. 344133, 1314. 3343941314, 3.
1113113- Q 336, 3. 3144. 55. 11344 3344 Fontes 434, 4144314133. 11. 4555.
1)1441344431.314414313.111 1330 535 3011430-1411) 4414313443.-
334. 555 Qttllen 331 (3143341334 3314. 1111443431 1411114. 14333. 1413.
- Q 33119133141134141331334331333334134111443414314, 1313,
344441 334 3111431144141313. 3143. 11333. 1196.- Q. 331. 1134334
11334343Ἣ331 1111111311, 44...113 1313301133141133414 555
13. 9. 1334434134, 3411413334.- ῦ.331.11313.3. 3. 5. 331 3434 44
Δ pem 1444 10 (1.3(134, 1134443431114314. Β4344413413, 1356).-
δ’33311333ἒ33144μ31, 4,31)4 3313,,11 3. 5 3414,
314-31141413. 55³5 41· 55555. 1444111 ‘1¹³5
333. 34144343131911413433443. 113. 4133414434 555: 84133413133417)
5455 3101413911 Νῗῑὶ111ί,ὡ3113 5⁴55· 111811341489311. 55557wb54915 Ι114
114. 413, 433, 431, 433 33343134 1 5. 11134. (11333. (1303) 144 114. 4333.
3304 33334134 11. (13413144 114. 3434 33334444 313344 (1333) 144 Nr. 3914
3444131441 841334. (1333) 144 Nx. 3314911111). 111113144ιῦ3. «333413. (1143) 14
114633-31313 34411141344 341 Q. 333 13143333 63113111 144 113144 41343
’33111141311131114131333133 ’31433 ,33113
4433143 134334 1344443341 313 6311344331344303 ³55, 301, 303, 303, 310,
311, 313, 3133. 31414133433141 555.- Q. 301. 8. 33. 55. 11314
1411413341311,3433431413ιί 313 93131313144131443 313 133·
555555555555‘5555 41. 3111134414. ”’-’”ὲ’.“1·44’.’3’ῗ’1’1ἶ
3144.313443.3133341344114.1113444111111 1300113374414313334433.
33 111 1343144111 3311314331 3. 3411 34444 ὀ9313414 341 33. 5555 1113344111 34
55555- Q..309 5555 91143 ’3111313314 111144 341343431334341344133
113443113334. 333 4443341144, 433 (4433). 1v, 43, 34 u. 33 (1455
1311. 39 (1477) 147 (149014 2455. 24³ (149714 379, 552, 5545. 255
5⁴55 <5555 111341”34’14’3411’ 14 1111111144141 ’11144141

74 (1339); 96 (1330) 173 (14440) 3535. 343 (131914 355- 339 (1319) “

1113144343 13411411. 43 14333. 14133314.4341.114444444444.- Q 311.
9113311443 631333143311131441344141344, 341443341341431.4431 313
3555 3443334311131. 1114434144 55.-.Q 314 (3133), 3. 11 3. 341, ,34
14311,1.141 -Q 531. 355. 31311311’.1434141333144411 3144341

133 1343 1144434 9141133134 14. 3144143. 5. 30. 8344. 1133 (1333); 5.
33. 334. 4333 (4334); 5. 3. ι. 10. 3434. 4333 (4334), 33 4334 (4343)
5. 31103313.1141411(1413),3.33.1134.1133(1443144.14.34444.
1743304111).-ῧ,333,3.903.33,11,11333.1.,”-1”133. Q. 3³5.
34139311411144331431,,,113441411”441114314334.--.ῧ 3433.
133....4311131431,1353,” -ΘΗ34311.63......33411411,13341111441’

 

