11111111. 111

1111111. - 111111,111.111.1111 - 111111, 311111.. 11111111.
11111111 111 1111111111111111. 111111. 1111. 1711. - 8111111, 111 (1
6111111111111111111 11111111111111111111. -1111111, 1111111111·
1111. 111111. 1. 1111 1811111111. 1. 1111. 1111 6. 119111- 811111,
9111111111 111 111 111111 1. 11111111111111111111. 1111. 61. 11. -
1111111111, 111111111111111. 111 1111111116111. Uer. 11. 1. 11116.
1 111.(611111111.Β1111111). - 611111, T.. 111111 1111 11111111
6111. 1. 31111. 1141. - 61111ι111111111111 11111 111 1111111111.
6111111111 1111111111 - 6111111, 1111111111111111. Bnndenb.
11101111 1111111111 Τ. 1-1 1. 11 1111111111161111111111111. 011.
diplom. - 111111,111111111111 61.1.1111.6111111.11111.- 111·
11111111, 1111111111 111111111111113 1111. 1. 1.) - 1111111 (1111111111
111 61111 1111111111. - 6111. 111 1. 3111111 1. 611111. 1111111. 111
1111111111 11 611111. -— 611111. lb. 8¹.. 11111 11111111111 111111·
1116111111. 1111111. 1111. 1116. - 611111, Ρ1111111.1111.1.1111111.
- 1111111111111111111. 11 1111111.1111111·. Τ. 1. .'· 1. 61111111βεὶ1,
81111111. 1111111111111111111111111 1. 11111. 1111111111, 11111 1111. 111
mmmmm 1. 1111. 3111. 1711. - (11111111 Η1111111111111101111111.
imper. (1111). Τ. 1; do 111111. 11111111. Jur. 111. Τ. 1 (supplem. Actor. publ.)
111 (1111111 11111111111111111 1. 8111111111 11 1111111 1. 11111111.
111. 1111111111 - 111111, 111111. 11111111111111. 1. - 611·
1111, 11. Turb.. 11111. 1111111111 1111111111 1111111111111111111111111111
111111. 1111. - 611111, 1111111111111111111 1. 11. ΙΙΙ. 11111111.
vat 11116. 114. - 6111111111111111111 111111. 11111111- Gu-
11111, 61111 diplom. 11111. T. 1. - 111111111161111111111111·
11111 1111111111 11111 111 1111111111. 3111111 111 1111111111 (1111111111
6111111. 11. 1. 1111. 1. 1111 1111111 (6. 111 111. 1111111 111111).
11. 1 111. 1. 1111 11111111. - 1111111 11111. 11111. 1111. 111111
6111111111111. 6. 101. - 11111,0111111.11111111. Τ. 1. - 1111111111-
111111111, 1.111.,Ρτο(11111111 Gloriae 11111111, continens urbium 11111-
mmm 1111111111 111. 1111. 1711. 111 - 11111111, concilior. 1111111.
1111111. - 1111111111, Uiator. 111111. (1111111111. diplom. -
(111111) 111.111.11111. Τ. 1. -1111111, 6111111. 1. 111. 11111. 1111.
,- 1111111111 1111111. (111111. - 11111111 nb Hennenfold 81111111.
11111. Τ. 1. - 11111111. 111111111θῦ11. - 11111111 11111111111111·
6111. 111 6111111111 11 61111111. - 11111, 11111111 11111111. 61111111
11. 1111111. 11111. - (1111111111.) 11111111 11111111111111111 1. 611·
1111 1. 6111111111. 1111. - libror, 1111. Urkk. 111. - 1111111111
6111111. 111111. 11111. 11. 1. - 1111111 11111111. 1111. - 1111111111,
111. 611111, 6111111111 111 11111111 6111111111. 111111. 1111. -
1111111Ρ11111.Η111.111111111111111.111.011111(11111111. - 111111
1111Βί11111. 1. 6111111. 11. 4. - 1111, 111111· 1. 1111111111. sm·
11111 1. 6111111. - 111111111,1111111111 111 111111111111111.
111. - 1111111, 1111111. 81111111. 11111111 Τ. 1. - Ι111111111111

· 11111 11111111111111 1111111111 - 11111111111Π.11111.11.Βι·

 

