81. 81888888. ¹ 811

1. 881888. 1188118888. 1478, Q 888-888, 8 881188 1188188881 818. 887.
Q 888 81.; 818. 888. 7887. 8888888188 8888. Q 888-888· 818. 848. 181·
188188118111881 888 88188888 8. 811118888888. 88 811. ann. 1470
Q. 897 11.; 818. 841. 18888818188811. 1181888. 111. 88 11. 8188888181).
1470. Q299-301 ; 818848. 818181111881 8881811881811181181188 1. 8118881).
8473. Q 301-808). Q 881-308. 1888118811. 1181888. 18888. 8181881.
1181. 8181118811 f ...188.1.18ῗ.818.8.111111811
818888818888888. 88111881. 1431. Q 481-4971

8818188881, G. Α. IL, Quellensaminlung zur (1888818818 (188 1188888Η81888-
8811888. l. Bd.: 1188 1888111 1188811888 388811 des (188818888188 11888881

Achilles. 88881888. (888 Q)

11188 881818 888 11. 88888818 8811118, 8888881111 8818 8181188 6888818888
888888, 888 888 (3. 1471-1473, 11188 8. 88 8881 811818881111881888
818 811881 818888888811 (Q 1 11. 9. 87. 38. 6811. 78118411.
110 11. 818 11. 187 11. 118. 178. 183 11. 80011. 848. 804. 811-814.
811. aud) 888 ς11881888888111188 881. Brandonbur Q 876-878), 181818
ἱὶηὲ188 1188 0181811. 8. 8888888888, 6811181188, 881888118818. 81181·
8 881.

8818888888 18888 1888 6118818888 88881188. 1181). 88; 8. 88111181). 111188.
6888188188 Qt. 1. Q 87 111 1188118 11111888. 81881. &mamm
11, 419-481; 8118111888 (88181). 8. 8811188181). 18 8811. 1118888888. Q 818111
8111811818 118188818188118818. 881. 88188811. 11, 511. 187. 804; &tenure
888811. 018188. 1, 848 11.; (81. 88. 8. 1118888888 cod. diplom. 8188881888.
8888181181. 118. 88; 11881118 1. 118888 1118888181). (8818181818811881111,1.
08 1111 8. 8118818118 8818881811 1.; 8. 8888888’881111.8181118.

388888 (888. 08881888 in: 1118118 1111888. 8181888818. 81888118. ob. 1.
Q 8011.; 81888188, 0881. diplom. Brandonb. 1111, 481 1111 11188818
1188. 8881. 1111888118888881888. 8. 1188118811). (811. 8888 Q 180); 8. 8118
881811“811811881.111811888 811. 1111888111 1111111. Q 488 11. - Qetue (88·
88888881 88 1. 68118 88 11. R. 88118. 8188181 81181811813811888
018. 8. 38811188 8181188, (81881. 1. 1118888888. (11881. 1888). Q 7-88, u.
18 ab. 8111811888 018181). 8. 818188881188 88 8. 811. 1188888888. Q 80-98.

1881881188 0818188811 8888888881188818 Ν8. 4. 1888181881 Ι. 1118818818. 1181781888.
18 881. 818. 84, 188 881118 8. 8118118111. 888 11888188 1. 88888888. 818181. 1
881118. Q 8. 811811). 1188818881. Q 884.

3888881881. 6818188818 18888. ’1811888811 111181818818881118188; 3. 8). 8.
1188818118 0818181188. 8. 8. 1111881111. 1818818881 1181811718. 881.)
11888888. 11118111 818. 8111811888 08181). 88181888881188 18 8. 811.
1188888888. Q 84. 801 81. 31888888888’8 818111. 8. 811. 1118888888. 88188
3881118818. 11. (81881. 1841.) Q 17 11. 811181. 8881888188 1811. 8888
Q 800.)

3888118811. 888818. 8811. 6111888888 8. ς118188 188 8. 0881188. 88811888-
1888881. ΙΙ, 880-884 1818. 818 18888888 81881. 888 811818881888111881181818
11181. 111881. 8881881881, (1888888188. de Ι.81888881881.118.111.8881. 20.
1. 71. 88. 8111811888 8181811. 81181888. 8188. Q 180-184); 88 381888
8. 811118. 188 81181888 8188888 81818181. 888118 1. 8188811818 11, 81. 801 88 818
8. 1188188881 181118. 81181188 1880. Q 8181 81111888 018111. 8.

1⁴·

 

