1111111111.

131313311..11331111113311131 3113181133

1111 111111111111111111 111 11111 1111111111, 111 &t vuum:

31111111111311111111111111111 111131111111115

1111111111 111111, 1111111 301111. ’ 11111111,11111·111111(1
1111111111111311111111. 1111. Q 7 11. 3 1. 1311. 13. 33. 3ο. 31 f .
33-40. 5ο 11. 53 11. 53 11111 11133111 V. 11. 1. 111. 3111111111·
1111111 1. 3. 13501. 37 11. 73. 73 11. 3011. 31-33. 35 11. 37 11. 39 fg.
111-11. 11111111-111, 11111. 11111. 111. 11111. 111. 11111. 11 .
13911. 1401 . 14511. 15111. 151-153. 15311. 155 11. 156 1113111.
163 11. 167 11. 168-173. 17311. 174. 1771 . 185-187. 1341 . 13611.
1811111111 1. 1. 11. 143 Nm 1. 1413-1417) g. 371-303. 313 11.]

8111111, 31. 8., 1811 8111111111 1131111 11111111 1111111113 1113111111
11111, 111 1111111111 3111111111,11111111111111 31111111311111111111
1. 111111 1511111111 1111111111 111111111111111111111111 81111111 11111·
111. 41611. 1773-13. 3111111111. 1111.38111111113611111311111.
1. 1. (611111. 1. 3611111111. 3111. 3111111116.111.11-1. 11. 1111111111

[1111) 13111111. 1. 1. ὓ. Q, XLVII 11. 11811 11111 11111 111111 lul·
1111111 1111111111111111111., 111111 1111111 111. 3111, 534 Θ 33311111,
111 11111 111 131 1111111 11111111111111111111131111111 1. 3111131.
11111111 (611111, 11111 111 11111111 307 11111111111111811111183
31111111 11111 1111 20 111181. 31111 1811111. 1111 11111111. 111111
11111 111111111111 11111111 1118111111]

111111113111113111, (1111111811 3111111111 111 1111 (8111111111
111 31111111111111 111111 6111111. 3 3111. 3111111. 1313-39.

Su 81. 1 1. 1, 11111111 1131. 1, 111111111111111181111111. 1111
111 1111131111 1 111 11111111 11111111111111111181111111 111 311101.
111 1111011 1637111111, 1. 3. 1133-1514. 8111111111 1111111111
11111 1111 11111111 311111 1101111111 111111 11131111 11111111. 111111·
111111 1111. 11 111. 1. Ε. 4. 30. 751133. 103. 135 11. 131133137.
ωηωωμωμωψηωηωωωωω.
Μωηπ1ω1ω1ωηωωηωω1
ammmmffffiffmmmmmmmmm-
11611111111111114Μ11ω.
nwwmwwwmwmmmmmmmmw 1
111111 111111, 111 111 1111111311. 61111. 1111 113 3111111 11111111 1111.
31111111 1111111 11 11111111 6111111111 111111 11111111.ι8111111113)
11 ⁵ 1.] M. 11. lg 11. 33. 33. 30. 34 11. 38. 33. 40. 41. 43. 44. 58.
53. 63. 64. 66. 67. 7011. 81. 83 33. 84. 87. 35. 36. 37. 104. 11319.
ηω11ω1ω11η111Μ1ω1Μ1Μ.
156. 164. 167. 163. 176 g. 17811. 160. 183. 133. 184. 18711183.
ιωμωμωμηωπωηωωηωηω
353. 354. 355. 368. 363. 37711. 378 1 . 380. 361 113831138811.
mmmmmmmmwmfflmmummm
337. 347. 349. 350 11. 354. 357 11. 363. 367. 368. 370. 373. 374. 880.
384. 385. 331. 3331333. 334. 335. 337. 338 11. 404. 406. 406. 413. 433.
433. 433. 311. 3. Θ. 33. 33. 34. 37. 38. 53. 60. 73. 114. 117. 133134.
133. 151. 153. 166. 17611. 183. 334 g. 3501 . 371 11. 317. 376. 377.
311111 111 81111111 11111 1111111 111 11113111111111 11181111111.
11. 111111111. 31111111 (111. 31. 1. .33. 33. 33. 84. 36. 311301 .
wMAwmwffiwffifflffimmwmaemmm .
wzmwwmmmwwwmfflmmmmz
354 333. 1. 3. 63311. 11311. 133. 304 33411. 350 11.), 11111

 

