1111111111.

1. 11111),1111,1111 (111. 11, 1111 (11111111), 1111, 1111 (1111
1. 6) 1310 (31111), 1311 (111. 3), 1314 (311. 1. 31111. 11. (iamin 11.
111. 1111111, 1111 91111331111ῃ11111 1131519, 18111 (είέἷὶ.ἱ &ab Ἠ),
11312118).(13τ11,31131 &fn 11311111 (3111ξῖ 1.Ι 1311111( 3· 11119911 1131814,
1111,1’.11111111111111,11111...
(111. 111454, 1455 (311. 4), 1500 (11111111 1111.3.311)111111111);
·- 3111111111 1. 1. S. 1319 (311, 1); - 311111,11111111. 311111
1111111 3. 1131163, 1111, 1311, 1315, 1311 (111. 5), 1313 (111. 1
1.).1151111111111111111.1111111
1. 1. t. .

81111111, 3., 31111111111111111111111 31111111 111 3111111111 11161111 311
ι1ξι11183ὶ171111131111. 3111111111 31111111 111343 111 1350. 3111

ΕΜ 1111111111, 6111111 (111. 343 113651 1; 111111 1; 1. 1101-1133;
1.4-13; 11. 1300-1333; 111. 5-151; 0. 1400-14331 Nr. 253—5963
1. 1500-155οι Ν1.531-611),1113. 133-413, (11131111 1111111111
1111), 1111111111 (111) 111111111131. 311111 111111, 1111111 1111111111
11 u. 1111111111) 1111111111 gur 31111. 1111111311111111 31111
31111111, 1111111111, 1111111111, 1111111111, 31111111), 1111111
3131111111111,3111113111111,3111111101 3111111111,
31111111111,311111111111,3111111113111131111,111111
1111111111, 311111, 3111111119311111111, 31111111, 41111 =
11111, 31111, 3111111111,1111ι 11 11, 6 1111131111 =
1111,311111111111131111,31111 egen, 11111111, 61111
111111, 3111111,3111111; 111111 11. 1113111111111111311111111
311111111111.1111111311111.31111111.,3111111111.11ε
bue. 11. 1111 1111111 1111111111.111111 1. 31111, 1111. 111 11131.
1. 1111111, ffb. 31111. 1. 3111111, 1111 11111111) 11111 (1131111. 111
31111 3111111111( 1. (11111 31111111 1311111111 (111 13. 111. 6,
111, 111, 111, 1111111111, 131, 111, 141, 111, 111, 111, 1111111,
“ 308, 134, 141, 144, 351, 164, 290, 291, 316, 334, 349, 390, 115, 316,
311, 611, 315, 611, 613, 614, 616), 11111ἓ 1111) 111111111Ἐ11111111
(111. 111, 133, 133), 1. 3111111111. 1111 1111 3111113. ( 1. 1, 101,
1334ίῐ34), ῗῂ31ἓὲῐὲβ111111111 (111. 6), 111111) 111. 31. 1111111111 1.
o 111 1. ,
31. 4. &- 413-4311 ,3111111111111 11111131111111111111111
(303 1111111111, 1. 1131-1100, 11111111 1111111. 011 3. 1311-110011
16 11 11113111111111 11 111 1111111111 111 3. 3111, 111111 11 11111111
11111 3111111, 1. 111 31111111 111 111 111111 1111111111 11111 3 3111
113.16131,16131.111111.111633.)

811111, 111.31.,(1111111 111111111111311111111111111. 311 1111111 311111111111
11111111113111 (3111. 1311). 4.

[3ἓ1111111111111111111111 111 3111111111 1111 3111111 1111111111( 111, ἶ
1. . 1111-1111 (111 1111). 3. 1-1.)

3111111 31111111. 311 111111 11111 1111111111 111111111111111111111111111, ᾖ
11111 1119111 111 3111111111 u. 111 111 311111 111 urst angebenb, befln· 7
111 111) 1111111131. 11 111111 1111111 31111 111311311111111111111 311
111. 31111111 111111 311) 1111111 1111111111 111 11 31111113 cod. diplo-

 

