thm m

[1. 111. 1 1. 31 (1711). 381 (1688). 630 (1111111 11110111. 1178).
663 fg . (11110111. 111111. 01110111. 1314). 668 fg. (1333). 668 (wan
0111. 011111. 111110. 10 1338) 678 (61111111. 1111131110.) 688 fg.
(Slgnm, 111101. Burggr. 1. 111111. 1410). 683 (1416. 1416). 731 111·
111111 11. 1. Br. 1668). 1038 (11011. 11111 ..1. Β1110.) 1041 0111
111111. Brund 1178). 1041 (0111 11 11110011 11111 Β1110.) 1087
(1111. 111 101. 1. 111. 8111111111 1708). 1118 (867). - Τ. 11 p. 16
(111111. 1111111. 111110. 1463). 40 (118 1. 1111ῗ11ῡ1111111636) 66
(1688). 60 (10111111. March. 1. 1. &obn 0 11 141111 1146). 61
(10111. 111111. 1118). 61 (10111111 Dux 81111111. 1138). 63 (11·
1111 1111111. 1143. - 10111111 1111111. 01 Suom. 1144. -
10111111.1111111, 1. 1. 0111 0111 11111. 1146. - 101111111111111.
1146. 0111111111110, 0111111111. 1146- 1111111101111111111
1. 601111 Η1111111., 10111111.,Τ11101111. 1147. - 10111111.
111111. 01 1111110111. 11111111. 1011111111. 11111. 1147). 6411011·
11111111110111111101111 0111111.1“1111111141111.; 1111111111.
111. 1)110.; 10111111. 1111111. 1147. - 10111111 110111, 111. ojus,
1111111141- 10111111.11111111611.1111(.611111 0111, Thoo-
01111.ῂο111. 1161- 101111111411111. 61111111.. 1161. -1011-
11111311131111 011111110101113001,“11...ῗίῗὲἶ
10111111, 1111011. 11 01111110, 01111111 1. 1160. - 1111111. 11-
111111 1111 1. 6011111 011ο,1111111111,81ἶ1110, 1111111, 1011-
1111.,Τ11101111. 1166. - 10111111. 11111 ,01110111 116111
0111, 11111 1. (0111111111 Sophia. 1166). 66 (10111111. 111111. 01
Saxonis. 1168. - 111111. 1111111. 1. 111111. 61111111. 1167. -
141111. 10111111, 1111 101111116161111111ῶ111110111, 1011·
1111, 1111101111, Hermann.. 11111110. 1168) 66 (111111.
111111. - 111111. 111111. 01 saxonia. 1163. - Β1110111.1111111,
111111. Son. 1166. - 10111111. D. (1111110111. 111111. 1167. -
111111. 111111. 01 6111111, 101. Ε) 0111 11111111111. 1168). 87
(0111111111. 01 Β1110111. 1180. 1. 0111101111110011181111111).
66 (111111111111.Β1110111111.1116). 188 (J. 110. 11111111·
1110101110111. 1136). 617-610 (11111111 14161417, 1441
u. 1683, 1111. 111 (11111111ιο1111111 111 11111111. 1. 01111111. 11
1. 1010111111. 11111). 611 1111111111. 111111. 31110111. 1618.)
11· 1111111· 1111111 111·
111111 11 0111, Filii Ε). 1111). 617 (111111111111111110111
1111111111 0111111111, 1111111811, 1. 111111 61111, 1111111. J 11..
11111111111111.) 618 (1111111. 11110111. 1. 111110. 1348). 631
Ψωωωωωωωψωωωωωωωι

1111811111). 681 fg. (811111. 1., 1011111 [11 11111111110161
111. 1417). 704 (1111. 118 11111111. 1. 11111 . 1711111111 1480). 848
(11101111010110111) 860 (1111111. 611111. v. 111110. 1816). 1086
{1390} ι(6111111 1. 1886. 1111. 1180111111111111 1111111111. 611111. 111

311. 8111111111 1101111118 61111111 111 611111111118111111111111 111·
(18, 11 (1111111 111111, 118 111 1111111111113111111 mit 0111111111 111
11111 1111111111111101161111111101111111 1. 0118111111 01101111
111, 61111111, 0111111, 01111111111111616111, 01111611111111161111
1. 1111111111 611111111118111, 11111 1111111 6111111111 1116111180·
111111. 1. 11111111111011111 116 11111 111111111111111111111, 11111

1111111111, 1111111111, 1. 1111 111111 111111111181111111111111111

 

