m mmm

1. 1. 11111, 11. 111, 611111111111111. 1111111111 111 11111111 11111111
11111111111111 6111111111 11111 111 1111111111, 11111111161111

6111111111 1111111 16113111 11 111111 111111. 3111111111 (1111111111

111 11116111111111111111 111 1111111111 1. 1111111111111111111111111

11111111 11111111 u. 111111111111111 111111111. 1111111. 1731. 1.(116.)
[11111111 11 11111. 1. 1361-1571). 6. 46-51.]

1. 1, 111111, 11. 111 , 11111111111111111.6111111111.111 111 1111111111 6111111111
11111 111 11111111311111, 111 1111111111111111, 1. 1111111111111
11111111111111111111111111. 1111111. 1766. 1. (366.)

[11111. Α 1. Β, 1 11111. 1. 13311. 1. 3., 6. 31-36.]

111111181111111611111111111161111111, 11 1111111 1111111 1111111111
in 111 111111 1111111111 11111111,1111111111 11111111111111111111111
11111111 1111111111 1111111, 111 1111111111 (1111111111, 11 11111111 11111
111111 1111111111111 811111ι11111111ι 1. 61111111 11111111111111,111
11111111 61111111 11111111. 1811111. 1751. 811.

[Q 16. 18.› 86. 110. 120. 118. 155. 181191]

(111111.) 11111111 11131111 111111111111116111111,1111111111 11 111
1111111111111111. 1111111. 1790. (363 6.)

[6. 37 f& (3111111111) 17 11. 1111111813 5111. (61111. 1111. 11111. L

11111 ,31111111111167111111 111111 17-73. (11111ἕ11111

11111111111111111

111 δ11111. ffltti t 111
1 11 8111. 111

1111 111 111 1703-1766) 6116-161. 16111. 17311. 17911.
11111. 111-111. 161. 111. 11111]

11111) 111-111. 1

11111111111611111 111 1111111111 111 11111111111. 61111111.

(11111, 11111. 1 1763.) 111111. 1. 1111111111. 6111116111111111, 1. 1. 11.

1111. 11116. 114111.

113271] Gap. 11.: 3111161111 1. 111111161111111111111111111. 6. 113

1111111111 111 11111111111111111 1111111111. 6111111 11111 1111111111 111
1111111111111. 1111111111. 4.

. [111. 1. 11111. 1. (magt 1. 1111111. 1. 61111111, 111111111161111.
1111ιὲ111111111111111111111 111’1.”ἓ.*111“11“111“111

141111 61111 111 11111111 111. 11111111 11111111 1111111 111 1111111111 “

1111111, 1111111. 111 11111116 1111111111 6111111111 1. 8111
11 ι1111111, 111111 1111111111111 11111111111 11 1 111111·
flanfflm, 11111111111111 111111 11111111111811 111. 1 ult·
1111 1111111111, 1111. ,6. 61. 11. 36. 6. 66 611. 4. 1111111111
1111 11 Sexte 111111. 1111111111 1111111111 6. 11 11.ἑῇ1111111111111
111ῗ1411911ῃ3ῃξ311ἶ816ὲὲῗ6111111 ἔξω 8111111.ι bffignssu‘flztfttffi, ntoblffifl aa}
111111 bem 1111 11111 11111111, 111111111 mc 111 Nr. 31. 6. 1110.
1. 111. 60-67, 111 1111111111 1111111111111111. 11, 111111 111111 1111111
111111 111111111111 1. 11111 6111111111. 111. 3. 6136. 1 111. 11

 

