130 7777771333.

(113377 333· 3317777771 (1137),), 333· 737137, (141717 7317, 1337
lffiutpgf³³³³³t³1³pl³³³³17. 377733373377733773771337717
3371134) 353; 1’3337773733(7.3(117.576) 333. 777773. 37737
7177717’37 3. Qus 3. 777177. 7771377133 (1134 ”333; 33317111 (1447)
p. 251,³³³,³³³. 377773 3733771317 ’31737 773. 33133313 (1134)
179.53;37 7717133, 37371113. (14477 p. 351 (3. 377. 3 31737733137
ρ,3,33 335, 3517077. 3. (373 31713 351, 371 333; (31, 3, 3177713
317 (11477- 1373) 3177777 lv 7773, ”1’,177 1777(,7,,’133,131,73373.,
...³ ·77717 77 777· 7 ·· 77 77 7.· 7771·
1³21341312185333u.³³13 &rs ³· 67773177( .” 31776, 3777 3’3’6, 37137777.
3.’377737717 13333 336· 3,.373317771773 ,,-357 3771773 3371717
777773. 3771377137 5771363713 3733. 7777177( 1113) ..33 3777773771
31717 ’.3 77773. 7333(31777(111”’3)ρ.33,3. 3317337. 7735337377. 67777
3373177 3173713773 (3. 7113337353, 7771777131 3.773717313’3
1113)(733. 777. 3.371777337711(1153 ἐμ 31771733. 36473
77737 365.- 777333771 7337 3773777. 7717 377133. 3. 77, 7717713
(1057) ”5⁰³³ss 673 313771( (17779) m ³13 7777331( (111ἐ73 33;’ 7771113 (1136)
77. 7513 73’ 773177 (177777) ”’ρ” 31, 17.’77’731’7”(17’1’3) 777773. ’777 t³ ’35777 7
.185, 1³³, 357, 366-77117 313, 37777131737773717. 1165 71166,
57717 11. 7773777713 (1393)ρ ,37’3· 33371177 (1335 p.³73 7373 733537
7 7737347777777777177771777 ‘'¹²²“ ²2³³
-15777”(’7’, 7737777377 1393143571, 147;0 (..337171111773 1136;
7. ³. 3737 3. 3311113333 ³· 13377, 1315, 1316, '1³³1, 1335, 1463, 1509,
15131533,1346,1559,1571,1576; 7. 77777133715777117, 7057; 7 3,
37173313.’.9777713313’31393197571.1553),3,333-396; 117317
(37133 9733177173 ³³³- 436, 71, ’337 7733 3.7133 7771377717]

5371777, 77. 3,, 77173731 737 777777311 7711731773713 1713171713 737 37717 33713
(31777111, 3711173 1, 7777313111. 33771171 77733173731303-1603,

[75771 7117371311. 3 1043), 3173, 3. ³³3³ 3111177713 3. .377Ἃ3171. p. 117
-1,13 43333). ur 3Ή337717737333317111ῶ7733 73131113,
3377. 337 37377 3777713733773 (713 (7 1711377737373113777711 3111337 337
777377.37173111(111717 317131137733 7771333131, 37. 131377.1337117
7773 3 3733,133731 ³. 3717 77 31773137177731313177,3133731771 3317111
3371113377 713. 7777 7173771373 37173 73 3.,333) p. 119-133.
- 3737 7371713171 31777, 3737177713377713177733731777111711717131717
711771 77 7, 17771717 717177777- 71 17
135971.1395)”3171.33777737777377177713331133.077717’1)177(7716
7777, 337 (7333773311. 3. 77733333, 731317 3711. 3. 313311 77717737.
37371373 7713. 9373177173, 3773131713, p. 339· Nr. 7 77 3, 77733
7373733113. 77733313, 3117. (71371713 377313373378777173317· 11717.
3,,31113 137713. 3373173373 p 331, Nr. ³. 7777 3, 77773, ῥ77777
3 9773131713 3177. 33 7 3 ,777131 3 377’;711337 7719 7777. 3 3717
7737317371 3 7733131377. ,31137 3717173317 3177.· ’771 10. 7777. 317 (775.
7313113133 37713333,3337. 11177 7777177737 1177 7771733171. 3177 (53·
717 ,377771117777777 1777 7777177

A ξ, ἐ37έ17ω1ῐ7 3777736133, 777737ῗ307177477113ἤ177517 7777133733,
(77377, 7773177 111. ”’3’.”97’733’31’3” 3”1’.77 337’3’71113777’113’1777”””3 3’77’717’
71317. p. 343 73. Nr. 16 (1413). 377 3.(77 73131113. 311 3 7717137337
71777 3377, 3 3717717333 7771131”.3 3717317137773377733733313.

177 317177133177777 3, 399 j

 

