11111111 ¹³

111 81. 11111, ,811191 ,811111 111118111113 11111 ,11111111
8Ὲ11111111111ιι1.ῡ 111ιὲ 11111ι,111111 1.11111111111111

1111 8111111. 111. 81111111111111111 1.ι1.ιιιιι111111ιιι
1111 ιι 8111111111111818111111111111,111ιιιιωι11ῐ1,11,111ι1111
1181111111.81111111111111’1” 1111111. 811111111’ἒ’1ῗ11’1”,”11’1
8111811111181111111111111111181111111811’1.8ιι1ι
1111111111· 811111 11111111111111 111111111111. 81111,
11111. 11111111, 1111.1111811. 1111111116ῒ81111111111ι

111111 1111131111111111 11 8111111 11111111 11111 111

1111, 1111111111. 111111ζ1. 1111111111 11111 1111,
8111111111 11111;1111 11111118111111111( (11. 11111111
1111111111, 111 8181111111, 8111111111111111111111111 1111111
111111 11..1’.11111811111111. 11111111
ιι, 8111); 1111111111. 11111111 3111111111 81, 1, 8111111, 111.
1111111111.31111(11181.1.1.,1109 1811, 116111

1111111111,(11ι (111511111111111111 diplomaticum historiae 8111111181-
periuris. 811 111, 8111111111 11111 1111111111 111 11111111 11181111
811111, 11111111 1111111111, 11111 1. 1111111111, 1. 111111 8111111111
111, 1111111111, 1111 111 111111, 81111111111111111111111111, 1118111,
811111 1. 811111 111111111 Documentum 11111 811111, 111ιί1111, 1111
111111, 111111, 1111111111, 8111111111, 1111 1111111111, 8111111
1111 ι. 1111111111 1111111111, 111111 11111 111 11111111118111111
111111, 11 1111111111111118111111 1111. 500. 111 1741. 11111111. 111111

111111 111111111111111111111 8111111 1111111111111111111111, 11111111
1111 11111111 8111111111. 1141. 111.

1811 111111 111111111111111111, 1111 1111 11111111 1111 1 1111111111
1111 8111111, 111 1111111 1ιὲ 111 11111. 11111111; 1. 111 8111111111
ιἰ. 111,81111111111111; 3 111 1111111111 11111111 11. 1111111111.
8111111, 1111111111 1.8111111111111...111111111 111111118111111
8111111111 11111. 1111111111 111 111 1161111111111111, 11 1111
³³⁶¹ 88818 11111111 111 ’11111111ιί11. 111
ξ’,”11’11ἰίἰ’11.’·’1’1’111’ἶ 11118 1111111111111 11” 111 811111. 811. 11111’11’
1111118111111111,111111111111111111 1. 1. 831761 118111.
111111111111111 1111111811111111 113111ἷὲ
8.ῗέ.’11ἒ11,’“11.111ἷ” ’111111111111ῗ1111111Ἣ111
11’1111111111111111111111111111111111
81111111111,111111111111111111111211111(1811111111),
..11111111 1111111111,11111111.
1181111681111811.ἷὶῗέ”1”11..ἷ”.ξ““11.111111
1 3111, 11111111 11111 811111, 11ι11111ι 1111, 8111111,
811111111181111111, 11111111111111111111,1111111111,
’111111111111 11ἑῖ11111111811181118 111
’ξ’ 81111 11111 81111. 1,.81111 ιι, 3111111111 11111111111111 11
ιι. 111111111111111111111111 1 ’8111 8111111
81111111, 111111, 111111, 1111111111311111, 111 1111 111

 

