154 , 1555555555.

-5; 4 55555 55555555. 51555. 55555555. . 59-79, 59-55. XI. 5115
51511555555 5. 515 55515115 555 6515555 551555. 555 555. 85555
115, 55551 1 1151. 5. 1952. .57. 5. 51555 51155 5555555 5 p. 51-59, 515
p. 92. 5155 p. 92 55 urII. 5. law-16³1, Nr. 1-15, 10 55555 5555
55555. 51155155. 555 551.) p. 95-92, 92-120, XII. 5155 51551 15555
5511 5151 5515 55115555 555515 55555551 (555 p. 139 5555. 5. ὓ..
55115 p. 121-125ε „Van dor Vyndinge vnnde Wundorworcken
des 1111155511 sacrament„ to dor Wilssnagk‘, bet 51115555 θοι
5555 5. 51. 1521. 515. 515 (5515155555 55555 555155555555, 555515 1 65551·
555 555 51555. (55555151 55 555 5555. 1547. . 151 55551655. 555
5555555555 5551155155 1552. p. 135 55. 1115155515. 555 555. 555551·
1555 1551555 p. 131-139. 5155 p. 159 55 51511151. 5. 1300-1501,
Νι. 1-36; Νι. 30-92 555 555 51555. 5. 515. 355 555 5. 355. (55555
5555555115 555 55155155 555 5551555511. 5515, 55 555555 Νι. 29. ri=
5551555. 55511535559151551155.51115
1515155. 1155515555555 555 5155555555 515555 555 55555. 5. mun..
11. S. lasa-1690. p. 195-154).ρ. 121-139, 139—184. XIII. Im
5555 61555555 u. 55155 5555515555 51555555, 555 555 655ι
555515, 5555555555, 51515515 u. 555 5555551551 5515 p. 202.
55555. 555 555. 55511155, 55551 1 utI. p. 194 55. 1155 p. 202 55 55511ι11.
5. 1253-1545, Νι. 1-51; 19 55555 555 5555511515.. 55551155 55555 555
5. ὓ5155155 55. 5551515515 55155. 51.195-2ο2,202-245. XIV. ffiie
6155155.515555555515551555,5151555555 5. 51555555551511
55555511155 5551115555. 55515155555515(5555255555. 555
555.ὓ5155.851511555; 5. p. 261 55 55511515. 5. IIII-1621, Νι 1-42;
9 55555 555 55555. 51151555. 5555551..51551115 51555 555 Ω. 55515. 515511.
55151. p. 244-260, 261-299. XV. 65555 8555555555555 5555
support (III p. 304. 51555. 555 555.ὓι155; 5. p. 355 55 51511551. 5.
1295-1555, Νι. 1-16· Nr. 4-9 5. 15 555 55515. 5. 515. 355555, 11115,
9555. 5. 555, zob. (5555). ,555-554, 555-515. 15111. 555 555

51515551 51515551 515 515555155551555555156551555155
55 5. 515 55155515 555 55551555555 (III p. 529 555. 555 555.

5155 555 p. 329 55 51511551. 5. 1259-1571, Νι. 1-15ς Νι. 1, 1 5.
17 555 55515. 5. 515. 5555551 III, 3555. 15, 5. 355. (5555 5555551).
p. 319-329, 329-544. XVII. 555 11551 355115 5. 555 5155555
555515555 (III p. 351 (61555. 5. 3. u. 5. 85551155 5. 555.; 5. ,552 55
Iit urII. 5. 555-1555, Νι. ι-55; 1155, 5. ξς. 1555, 555 5. I 5. 231.
55111 55115511 5555155.5115551511· 531515155ῗῖ
5555555 555 1515155515 555 55555555551155 (1. 51115555 555555
5515555 5. 5555 555 5115555555 555 555 3555 151555 51155555 555 ut
5551555155 51155555 555 555551551555155 55 555 55155515 5. 555 5555 515 55

. einer 5515551555 5555155515 555 5155555 15 55555 51555555 um 515 1155
555 12. 35555555. [ . III-4001. 2. 515 5155555555 555515155555515·
5555 555151555555 55155555 5555155555 5551555 1155555555 55551151 112
5555 [p. 400-425]. 3. 5155 555 11515555 51155555, 5155555155, ‘Ia ‹12
{IIIII‘IIIIIII‘II‘IIIII 1515555555·55111115
15155. 5555. 5. 515555, 5.1155ι.ιί.ὓ115 1151 55515 555 255 . (Imp
1555, 5115. 5. 555515, 555. 5115155555, 85155155, 51555155 515, 5515511.
515 5511515555511. 555 511515. 55515, 5115155551555 555. 5. 1555.
51155555.. 5555555155 1511555. 551511555555 555 115515. 5555111, 555 τι
5555 6555155555, 55555555551555,11551555511.11555515551155 55 55555155,
5555155155155115555555 55 11155. 5. 5., 1151155555 55 5155. 5. 5.,
55555555 5555155555 555 5555. 5. 5., 1515 6555155555, 5555555555,

 

