551 51851151.

3151 . 1851. Θ. θος (5855) 5811. 51888581115118 581 1111115181 6151585
585315815115111581688511581515811315815115.688151515115115
88111181 1. 518 51 85811 1111 ὓ15811511 111 1118111811 5818111818 5511811158
5181811 1111111 .1111111811111 1
5111111 111- 111,11118181181 ,
11811 58181155115151811 11. 3118511151 585 ῦ11511111. 5181585 5. 8ο. 51115 1
511Ῠ51ῗέ56555857’8.188 1111188515. 1151. -· 188 81851158. -- 200 11811. ¹
&ww-1²33& {lgm 1131. z} uffenfflteb‘ffi 5ἑηῗῖ1η11ὶ856815 511155 stim. 5115

81158111 1.
1. 1881 11 (1811 5. 8. Det. 1858 5185811).

Θ818111111111115ι (5548) 5811. 518581111115115 61951151. 555. 585 51111
581 1111518118111158861851811181115 &t 511811. 585 51511155 in 5811118
518111555811551181, n. (51581381. 1851. 5. 801; (5844) 1185811 118181
1115118 58181 ῧ18111811181115, 51111 611151 515. 585 51115811 5. t. 5.
²? m 3⁸⁵⁷· ξ· ⁸.⁰⁷³· ‘²⁹⁴⁵' mm 5551111.311151ψᾶ11 ἑξ·
3380&an 58158 q{tigal ’1φ1215ω5ῃ59εέ11 1858 Θ. ²3 (58115 1185811 581
{22⁸}‘333‘ss‘1‘233122‘201m3‘3ss<3³„⁹gssss‘ssssffif&¹⁰312}⁵²‹3⁸2'503⁰‘{‘2
1111811111 ..11 ..11111188111111
511.55511113151151151811ζ155511111115115111 51113115ἓὲ5

11518111 511111811111111111
bx 581 811181 (5551111151 1. 58158581551111511181 5115551158181581.
58111 . 111 5518115815. 1181111 1881.

1111151. 1815. 61111111181511 1515815 11. 1851. 1181111, 5811181811151.
(11 5118111 811115 1558511111 5188 5151151181 5118111115118158 518 &mh

1558 581 8558111ΰο5581211151111111518 5111151558 585 51158118511118115

15815811( 811 11111 81181181,15111.; 1) 5181111858,118158 588 wrm»

5185811 1111 611115111111811111 111 8. 5151. 1858 8511181 511, 1. 51581511
81111115111118181181811111
511 1111111 1. 585 1155111895 581 1181111115 581 81811581. 1111858· 8) i}
1181118111 81 111 &amam 581 581 1511111115 581 &anrbmdemssrin
111 111 8188 5815811158111111111.)

1181511 1. 11111 115, 6111151155. 51115115, 18811. 1. 511 (8115. u. 81518 ’
5111115 58551151 311185, 581 181181 1118118151115ι518115111581 6151111

= 11815181 118581 5111581181, 518 518111111511511511158 511111111111181111511 u. 111

genn. 511511155111111111111111. - 5181 1111111811 5. 8113151851 11. 181
1111511581 81 511. 805. 1815 8111115811 5811511111111 585 5151111811 fimf«.

181511551811181 111115. 5111 5. S. 15581515 818 1. 111118. Sat 11111. 1

1181115858181185 (1511151181 1111115, 58151111 1118515811151111111 11581 1

61115811 115 515 55111811511111 511151558161811155181588181 11151811 1111,

 

