m mmm
6000000, 00000000110000 010110110010011- Quum, 1

Q 000.. 011100. 00000100 000 00000100101100 0010100 00001100 1001100 ᾗ
000 10011. 110100. 1730. 001. 0001. (1000001- 0000000, 010000. 10011· 1
11000 (0100000. 0100000. 00. 0. 0000011010). - 0000000, 000111. 010οι
1000011100. 1, 3 0. 0101000000 0 0. 0001001110 0100000. 000000.
000010.110001.); 00. ,0 (00. 0. 0000011010). - De Burggnviis 110000οι001- ι
010, praeside Dn. 0000). 11000100 Bomio, 10.... publico 0100000111000.
80000010000. 1110100.1710.4.(0100000.) - v. 80001000000, flattu,
(10 101νί100110 ao 00000000ίί00 Nobilium 0100111. 11101000. 1740. 0. (0100·
000.) - Q. 1101. 01001100.) 0100100101 0010. 000 00111. 000100 bens
000000 0011 0011. 1101000000 0. 0000 000100101010. 10100. 0. 1011000000. 1717
-11, 4. 11010. [110010 11011. 1010000000. 10 00. 10 11011. 00 0001100000
(01 11011. 0. 1143-1400). 0. 109-100. 11011. 0. 0010. 0. 00. 0. 0000000.
0001000000. 1110 (3011011. 0. 1104-1070). 0. 100-010. 11011. 0. 0010. 0.
00. 0. 000000. 00000110. 0100. (140 11011 0. 1177-1600). 0. 404-110.
11011. 0010. 000 000011100011001110. 0. 0001010010. 0. 00. 11100. 0. 000000·
010000. (1011011. 01049-1070). 0. 717-7000 10 00. 100010000000
000 0010. 0. 0001100000,0010011010.11010.(10011011.0. 1104-1000.)
0. 0-010. J 010100 010100 000000000. 11011. 10 0. 11011000 00 100. 1 0. 1
0010. 000 0100000, 00100011, 00. 0. 00000, 0110001, 000 01001, 001001,
00100000.. 0110010. 0. 010000] - 0. 0001100, 3. 001.Ι 01000 0100100001.
00010. 00 0. 80001. 0. 0001. 00101010. 00000010. 1791100000.)-
0001100, 3. 1101, 011100.ι110111111000 00100010. 0. 001101101οη 000110.
000000000. 0110000010. 1704-1004. 1. 1000. (1. 00. 0. 170-007, 00 11011.
0. 1. 0. 1. 11010, 0. 000-17140 0. 417-000, 70 11011. 0. 00100010. 0.
0000000, 0. 000-170100 Q 717-140, 01 11010. 0. 00100010. 0. 1100001100,
0οΜ001Ηο00οΜΝοΜο00
00010000110000110. 0000100 0101000000 01101100000000100, 0. 1109-1107.
1. 0010., Q 43-09, 0011. 0. 00100010. 0. 31000000, 10 110110. 1100-
1011. - 01010 000000. 11011. 0010. 010 0. 0010000 000 000000 00000000 000
0000101101110000, 01011. 000 11011000 0. 1. 000. 11010. 10 01000000 00.
1. 11011000 01110100001000110 00. 1. 11011000 0. 1. 0. 1. 11010. 0. 0. 1
00100010. 0. 1000000, 101010 00. 1 11011000 0. 00100010. 0. 8100000ος
01000000 1. 00. 110110. 1. 0. 1 11010. 0. 0. 00100010. 0. 10000000 0010010
00. 1. 11011. 0. 1. 0. 10010. = «0100010. 0. 00000 0. 01011001] - 0. 00010
100, 011100. 00011100. (0100000. 00100010. 11100100. 0100000. 000000. 1110001.
100001. 0100010001001 0000 Q 130. - 0001100, 0. 0., 0101000. 0.
001111. 01000. 000 000 01001011. 0110000000 100 0110010000. Sena 0010100.
1701. (0100000. 0100100.) - 0001100, (0000001000000010. 000 10111101·
011000. 1101000000111100000. 000000. 0110001.) - 0. 0001100, 23. 00.,
0001000000000000(10101100 0000000010. 0. 1410 010 001 0. 000000 0011010
(1-3. 11010. 000. 1010-11. 4.) 1100. (0000000.) - 0001100, 11100010-
rium diplomaticum 010. (0010011 00000 0. 0001001000 0010000000001000
0000010. 0. 0100000. 000 0011100100 11011, 1010 10 00. 1, 001011100-
000, 00100011, 11001000 0100000.) 001 0000 010. - 0000000000

 

