³oe 7717116116.

, 717661766116167161766666671. 1161711571116711766171768166616,
67 1777767116 0776 67 Hermann. 1161).)

361676161661617717111161166116166716616616116766166,9666176677 ’

7761771777 666 61617161761671161117617167666666616666661771116 6.
77761116 76 17667166166. 6767711ε1176661 716 76161. 77766616. 16 71176.
1777. 4.

[76771 (6. 71761716 76 ann 6.;6171) ὅ. 5710167671611). 11 (1171).
1171166)6676.167166616116161666166.) 73, 75 76, 77, 79-
61, 617, 661166, 66 016 8⁷H 76 (11ιὶ6116 ι6111616161. 6161.’1.Β616
3444ξθῗη4771017747. 10947477ιί64141116166707761447767607071467706 ian).

171 766 (1301)-17677. 77171. 6677166661) Q 17661176 6611. ¹

176166. ιι. 7. 6676 0776. 1155). wssste, 316.367611676(6.11 1761671.
61666761. 7711676. 77766. 1617677 rand. 77166. 1135). 17 76 71119).
111-111777177 6. 1666166. 7776666, 711661, 87611711, 7767-
176111. 61611166. 1177

367316161111771771 6666676166 7776667667666666, ὒ711 711176 71776
177171 7761717777 666 6161 61116 7117716716 6167711 7716617766, 771616117611
77171111 71617711617711 congregation ιι. 7. m. (1. 7677171. 666 771 167766.
maldam). 7167. p. 700 (1761671 476617. 1151).

71177171, 3. Q.. 667766776766 7767616616766666, 6111 7771667771
3176166666 611 66166711 6117761716 17677111. 811716 6167676716
771671716τί16 677111111671161316161. 36 61111 117716 1171711166 671711
6177771 71711, 7667166116167, 771771, 17671616, 6776171131616, 1167666666,
6766177166,17176116,.7717111, (7671111676117711766777, 7711766716, 3161776
11777111, &mundanam 7171711 7761116,17667111.Ρ1717166116,77717116,
1717716, 7176111666, 77616166ιί66 ιι. 677616 36 6161 6116116 11611666 111
61671111 6777771176, 1111666116, 1117116, 1667667616116,7176116,866
6176116, 7711161111, 7161661716, 767716761617111676116, &mmmm nu& ;
77717117 617666117 16116. 361 6117676666 611 7771667766 7616677661 ι
7761 61616 677771ι77171716, 661161766666176176 666 666116 6116771116 777-
1167176 1611 81117 6676616116 61716616, 6617 6111 7716171716 6666666616

6705662166 17677711 6771716 61171716. 77711. 71766. 6. 7766766716.
66721660 66 (1616766671166).6661116176616161).77 1· p.
71177. Ῐ1661 301777ω67774744171)6114744[1414337437341444711144644ιι

17711 ι)716616η7746617616,71 7171671116.71776716;(616716671661

6611 1711

6711 77761167 1166. 7711167 11761ς 716716. et.

1711116. 1617617, 7471611164 17616116 6137666111116167
3· Θ 6161771771 66171 7761717177 666 611661667116166677111.7761667667
7167716716 (7117666 66 7161 661766 61166766661666663. 1166..)6111
((7611ιά66616617666616.7767661773).
3 67 61616 6161771771 776161 7171611761 7761711171, 666 611 61716 7716711
771716 ς717616 6611766716, 16 611 67171616 Une, 7667666666 61·
6667, 661 611617111617161611616 6. 6111616716 6676611616 61116616, 6117

6666777166616 7166666617666111167117, 6617 7176171666 776716 16177117
16711. N· .

 

