011. 1111111111. m

10111011 mmm, 110311110111111111. 11101101ιῦ11101, 111-
111111111111111111111111111111.0111111011ιῦ111111 ιιι. &ami 111111

1111111, 111 0. 11111. 311101011111111111,1111111111,0111111111 1. iiio
1109111111 111. 111. 111101 11 111111, 1111 9111111011 9111111 ι. 1111111
11110101111101101ιο11111111111111110111. 1111111 11111111 1111111111 1111111.
111111. 1. w. 1119. 4. 111( 11111111 9111. 1. 911110. 0111111111. 9.
6. 443.

[p.-4 -46 (1111131111011111111. Rom. Imp). )-91 114( (111111ιί
(01191111111159. 161-911 1111111111 11 1111111111111111. 1555)
...ιιι 11111 11 111..ιι..111111113111.
ιιιιειιιιςιιιιίι 01111111-91111111111 111111111111111 Caesareo
Gallicum) 379139711150) 1131. 595 (1314). 919 (16111 999111.

(1653). 10191 11.(131111ι ἱιιι 11111 1ι 1. 9111111111. 1591). 1041- 1051
(31113111111111 11111011 111111 11113111110111111011111111111

11111111.οιἓιιι.1614).1066-1074 (3111110111(111111111111111

11111011 111111 ιιι 1111111. 01111101010111 01111111111
011111.1914).1019-1091(1111111111111111111011111111119111111
111 1111.1999).10911(111111111111110111110111111101111
3111111 111111. 91111111111111 6111111111 1693). 109411. (1111.
1119111οι111111131111111.1111111111101111111181314).
109511 (11111. 11111. 1911111. 1951). 1115-111111411) 1100
(11111111111111).111111111110111

9111111111, 111111 1331. 11111113111111111 ιιι 1. 1111110111 (1111111 11. 3.
1991 0. 9 11. ιι.’ 111011. 6. 199), Defensio 4111111111 Imperiaiis 8. Hui-
11ιί11, qua respondetur libello contra 1111111111 1111111111 ab Authore Διιο-
nymo Αιιιιο noemin. Treveris edito. 1111111111 1111111011 Fratres Ῑιιι-
11111111 lanisterii 111111 1411111111 juxta muros Τιοιὶιοιιιοι. Anno 16311.
fol.

[p. 33 (11111111. 11111111. 111111. 11191]

......-......-

911011111110. 1-94(111111101ι.1.1111111111).111111,01111111111111.
(9. 3.). p. 88-89: 9. 11111111 ot provinciarum 3111111111111111111
historici diplom.

1110111), 01101111. 01111117. 1139111. 33. 0. 460 111. 1. 111. 9.
peu. 0111111. 111101111101. 911. 01111111 111. 11131111 1414-
1431 incl. 01111 11101. 1. 11111111111. (1110. (31. 9. 0. 467. 410.
473. 471. 480. 111. 3. Q 431. 443. 449. 411. 411. 461. 473. 483), 13111
101011111111110.οι1111110111111,11111111111, 0011111111,
111 11111111 1. 1311191110,113(11111111.111110111111111111111,
1. abici ιι. 1110111101111111111, 1. iit. 1. 011111111, 111 011111
(111111,01111,91111111111111111111111,1119111101111111,
111 01111111. 1011111111, 111 &i 1111111111, 111 11111. 1. 9111
111111,1311101111110111,1.011.1.(111111111,1.011111
11011, 10111111, stila 11311111, 11111111.1111110111,0.
1111111111 1. ι1111111 1111111111. 1. 9111111111.

1. 0. 95 (111 (9111111). 9111110111 111111111111110111111, 11101 111

 

