08 1111011010.

01110. 0. 011. 0. 0110111, 1101 1011 01111 1011111 0110111011,
1111111110 11001. 1. 0101101110. gem 010 aab 01111011110011001111·
110 011111001110 00111111 000 1101110111 111111. mstffoirft’og‘mug
Eressffigngfffflhfflgffioge rbfneu'zn⁶ ἓω11111ι111)01601110101111. 0111111111,
1. 3. 943-1013 1110110, 1100 10 330 0110 0111 130 0111111110 11011110·
111, 010· 111 1111 11111100111011111111111 111110 1101110 101110 111111οι
101110 1111, 00 011 0111110111110111111110 111 1, 011 011 0111111111, 10 0οι
111111111ἱέ 111111 11111111111111111.1100111110
30111 0101013, 0-03001100111011110011 1100 u. 011 111101 0111111
01111010 111 0111. 1111111110 0111110011 011010. 01101111 1 110110οι
1101 0101101110.01111111116010011. 11110110 110 1111011011 0100 110
11110111. 339 0111 01 0110111111. 111110 1101 1130311οΝ(1.21.“1ῗοῡέ1ὼῖοἑ11;
1ῗ18, 11101ῗο 11111ῗὲ311ξέ11111ὣο1111131011111181110, 1110111011, 0111 11011110
1100 01110010 000111131011110. 0110 1. ξ’ς. 140011101011101 1111
’ 11111111111111111111111 111111111111131101111111ἓο
0118119,0111110 111 1111 1410 011 0110111111101001011. 11 011011.. 10101111
11110 0111 011 0. 1111111111, 11111 01111111. 311 0011011110 1100 0. 011011.
011 011111110 1111 1111111 1111111, 010 0. 1110111 11, 010 11101 111011. 1111
100 31101, 1101 010 000 1011010 0111110010101011 11. 00, 1111111111
1011 1110 1011100011110 000 1100 1. 011 011111, 101011 0111. 1111. 00111
111111111.11111.1·111·1111111111
110. 1206-1299: 31 01111, 110. 1300-13361 101 01101110. 1300110110,
111. 13031 01111, 110. 13331 1101111110. 13301 101111, 110. 13301 90110,
111. 11111 1 0111111. 1111. 10111,Ι 11. 11111 10111111. 1400-1491:
1ῗ1ἒ1111’111150116111111151711111191111ὴὲ11111111161191, 111ῃ1τ111ῗὶι11111ῇῗτ111194111
011111101010111111110. 0111010000 00 011 0111111101. 0111111111. 1001
0100. 011111 011 011011.. 0011 011111110 110100100101110110. 1111011011
11111011111111·11101111111111110111111111110·οξ
110,01161.011111,11111100110001100(00110001000111101
1111”.“1.1.“,”1111ζέ1; 1111111111.1010111011,0111111111
0101110,1111111111,11101011010100001,611000011 ,01101111
0111110, 0111101101, 31001011,111.310001, 1110001 01111101001111.
010 0 11010 1111110 010 00100011101111111001011111.0100110, T
1111 001 1111101110 (111. 1. 1170 111. 0, 1, 1004 111. 1,1. 1313, d 1304 5
111. 1,1. 13031111. 1, 1. 1300011. 1, 0 u. 3, 1. 13118 1114), 0. 011111
111111... 11111 111011 11111111 ,
111·1111111101..11111111111..11111 j
1111111111·11111711111111.13111111111111111, 1. ς
121ξὸ1 (11191. 11111011. 0), 011. 1Ι 0001110 (1111. 1309111011

’0. 8101111111, (0. 111. (1 1801), 11110111 historiae Brandonburgonais.
001111111110 1111011111 1111011111 010 01111 (1011011101101100010 1010111 x
101011 0110101101100110011. (111111 11000 010 1101 30011 1000 ξ
(073 0.). 011110 1136. 0. 0111. 0. Β. 0111010111 10 0. 01010110 .

01110. (1111 1. 1011 r. 1), 011, 1. 01000 Q

 

