5555555515 555

5 &uben-&tamine 555 5555. 55555555 5555, 5555 5555 3. 1555,
555 6555155 555555. 555 55555 555 5555555555 ,655555ιί555 555555, 55
55 5555 55555555 55555555· 555555 555 5555 555555. 55 5. 3555555.
5. 5555555555. 55. 5. Q 41 fg. 55 5. 555555.

,5555555 5555555 5555555555 5555, Ιι 55 ιίιιιιι 55555 555555 555 5551515
555 555551555555 555 555555 55 55 5555555555 55555 5555555555 ge
555555, 555 55515555 5ιιι 555555. tetum 5ιιι 55555555 5ιι 555555555ιὶ5
555555 15443· 55555555 55 555555 mutan. 555555 5555555. 5. ὓ. Q. 45.

,ganuinium 55555 55555555, 555555, 5555555. 3555555555 5555 555555
155555 355555 mmm 55555 5555555 5555 55. Q 5. 5555 55555555
55555555 5555555555 5555 5555555555555 5555.5 555555. 555555 5555
55555555 ιι. 55555. 555 5555555555 555555 5555155555 5555555 55ι
55555555555555 5. &tetum 5555. 55555555 5555555555 55555. het·
5555. 555 555555 Q 55 5. 5. 3555555. 5. 5555555555 Q 45.

,3555555555 555 555 65555 555 55555, 555 555 55555 flu 55515555, Anno
5555155 1555, 555 55555555 5555555 55555555 555555 flu 55555 5555555555
”mum 5555 81555555 5555555155 5555555555 55555555 555 unta
555555 ibet 555 55555 5. 55555555.

85. 5. Duum 55555555555155. 5555 55555 555 555. 5555555 51555555·
5555555555 ‚mm 5555555555 555 5555555555 5555555555
m 555555, 55 55555 ι5 555 55555555 555, 5ιι 55 5555ιί5, 555 555. ‚cattis
55· 5555555 55 bet 5555 5555555 55555 55 555 Nr. 5 55. 555 5555
555555. 5555555 5555555555 55 55551 555 Berlin 1545 5555555 55
55555555 5555555. 55555555. 3551 5555555555 555 5555 55555. 55555 555.
555 5555155. 55 1545 5555555555 555 5551555. 555555 ,55555555 555
uem 55555155555555 55555555 555 5555555555 5555555
5555, 555 555, 55155 555 5555555555 5555 5555555155.ὒι55555,555
55 55555 555 5555 355555.

Indu diplomatum 5551555555ᾱηί5 brianno 5555555555, in copiario Den-
novi-no, qnod 55 55555555 coeletia adservatur, exstantium Ιιι 555 voro
55 praetermissa 5555, quae iam 55 555ιί5555 {n 55 5555555555 555 St.
5551555, 85 otton, 5555 6555555555 5. 5555555. md. Gymnasii et Dre-
5555 in 055 Pom. diplom„ T. 1. publici iuris 55555 5555 55 quae 5155555555
eum originalibus 5155551555555. 145 5555, 5. 1565-1575ς 555 555555.
555 55 855. 55 5. 55555155 5. 5555555. 55 555. 50 55 5. 5555555555
55555. 5. 8555555555555. 65555555- 5. 5555555.

mmmm 555 555 555. 555555 gu 5555555555 in 555. 55 5555555555 555·
555555, 55555 5555555. 5555555555 5555555, 555 555. 55555 mitae·

555555 555 555555 55 5555555. 5. 5555555. 5555. a. 6515555. wele 555
55 555 555. 355555. 5555555555 51555. 55555 555 5155 {n 55 5555555555
65551555. 55 5555555555 55555. (5555 55 3. 1510-1555 55555 100)
555 555 5555555 35555 5555555 5555555555 555 5555 55555555 5555
555 bem 14. 5. 15. 35555. 555555555555555555555555551555555555
5555 55555555 5555555555 utu. 55 5555 5. 5555 55 5555555555 555

555555 5155555555

 

