1111111111

111111 11111 6111111111 11111111 1111111 11111111. 11111111 11 1111
1111111111111111111111111111 11111. 1111 111 113111 11111111 111. ucat 111
11111111 111111 ῦ1111111111 11111 111 1111. . 11111111111111111111
11111111111111111111111111,1111111111111
1111 11111 δ1111111111111111 1111111111 1111111 11111111111111111111
³⁰³⁸ ”¹⁰¹² β1111111111111111111111111111111111.1111
1111111111 11111111 11111111 111111111111 111 111 11111 11111111 1111
11111111. 111111 1. 1111111111ξ 11111 1111111111 11111111. 11111. 111

1111111111111911111111 1111 11111111, 111 11111111 111 1111111111

1111111, 1111 11111111, 1111111 11111 1111111111]

8111111111 111 111111, 11111. 1111111. 1111111111 1111111118111111111111,
(11761. 1111. ,11111 11. 61111111 111 11111. ,111111111111111111111111
11111111111111,11111111111111111111111” 11 θ11111111
1111111111. 111111. 1. 111111. 1. 1111111111, 111111. 11 1111111111. (5. 51
-643 1. 3111111. 11111111111111111. 111. 2. Θ. 11-19), Codex Po-
11111111111 vicinarumque terrarum diplomaticus: 1111 1111111111, 11 111
11111111111(111111111111111.1111111111,1111111111111111111111111,
111111111111, 1111111111, 5111111111 1. 1111111 1111111, 116 1111
111 0111111111, 1111 bod) 1111111111 1111111111, 11 111111111111111 ow
11111 1111111111 11111111, 1. 111111111111111 111111111. 1. 111111 111 1111
111 8111 11691111161111. 1748). 111111 111111 11111111, 1111111 111
&lmine 11111111111111111 11111111, 111111 1111111111111. 11111111
11111111, 11111111111111111111 111111 1111111 181111 111111111111111111
1111 111 1111111111 1111111111 11111111 11111 1111111111111111111111
1111111 1111111, 111111111111 111111 1. (11111111,111111111111111111111
11. 1111111 in 1111 111111111111111111111111. 11111111 111111 11111,
111111. 111111. ς11111111111111 111111111111111111, 11111111 1111111111, 1111
111111111111111111111111111). 311111 1111 (111111θ111
1116, 11111111. 1111 1. 1111111111, 1111111. 111111 111 11111111 1111111
1111111. 1111111111. 11111111111111111161111111111. mettin. 1768. 811.
(660 6., 61 61111111, 50 (Β). 1111. 11111111 1111. 111 (11111. 1111

1111111111. 1. 4. Θ. 3. 1. 11111111 111. 111111111111111. 111. 1111111.

[1111 11111, 446 1111, 1. 3. 1111-1169 1111, -111 111. 1111111 1
1111111. 1. 1111111111. 11111111, 11111111 1. 1111111, 1111111111 1. (111
11111, 1. 1111111, 11111111, 111111 1. 1111111, Ι1111111111, 11111111,
11111. 1111111111. 1111111111 u. 1111 11111, 111111. 1111111111,
(1111111111111111111 1111,111111111111111111111,61111111,
1111111111.1111111111·11111111
11111111 11111111. 111111, 1111 1111111, 111. (g. ssb‘ergfn'snussrffi'
{5313ss 111111111111111111111ῗὲ. 1111 , 11. 11
1111, 11111111 (11. 111. 1. 11111111 1. ,11 11 1111111111 111111.
1111111, 1111111111ἓ11 1111111111 111 11. 311111 11111 ,61111111
1’.11“11““1ἱῗ11111ἔέ”’ ffimssfzffzfiemzz'ffi‘xm ’11111
8111111111 1111111, 61116111, 6111111, 1111111118,ί 111111 1111
11111111 1111111111, 111 111 11111111, 1. 1111 11111111, 111

 

