77Μ7. Π

1743 7(ιι.711 1171647, 74, 177, 163, 771, 774766, 763, 743, 746,
746, 3’49, 361 777.; 171 ’1111171130ιῖ 61, ’771111771171117161
7711717717 1 ’776 111 1, 31111. 17111 111 7111111111 171171 3111111711 1711
71113771771111717, 817,7,313,344,1346, 1347, 1348’,1343, 1370,
11”91”71,’7’7’,”1’1’1 (ξ’ 1Θ 1111 11771 111), ’111’,”11’1”ἰ’11’ 11771
113 (3’)’311.,)133, 133, 134, 137,137, 138 (3 711), 139, 133, 133,
3417111311 31111 131(1711.,1 131, 133, 139, 14113671, 141
1141 (3 1141133,111,114(11171131 (’17111,133(3’.671,
1113111111 1911111 111(1111111111137317211111
11771111171117 717117717711117 717 171 117117117117717 717171 771
6171171 111317117171111111171111111711717113 11131 71 11711177
3111 111117 6171111 1111711111711117711, 7111711171 1717117171
31711117117111711 11171 11771 77 7111771 771 77. 71117711. 1,
11771 1117 1111 11717 7777117171. 77171171, 7111 1117 717171111, 717
Ι111111 11171υ771 3177711171 1713))17711.1117)71,7171178111ι111ὲ1)’7117777
”’.’3”1’34’3”,’ 1311, 131)’,’13’11 ,’1717”1311ξ”11’1’9”(6ιιί1. 1, 6111377)
137 143 193 337 337 338 (3 311), 333 (7 311.) 333 (7 31,) 336
(3 1111, 331, 339 (1 611 341 (1111, ase, 114, 171711. 111, 119, 131,
311; -7.1.3.1311,1311,1313( 1717111716139,111119,
330, 339 (333 ιι, 3867131117. 7, 31701); 77, 91 7. 1360, 1381, 1363,
1311, 13113111. 7. 6111176 13, 34717111 31, 99, ’119, 1’;14 -
7.7.’3.1361,1366, 1367,1373 1711116177)6’.34,31,’131,
174, 171117. 307 ιι 317 (ιί’1, 7 7111711117 77177111 11117711. ιιι 714
311711111771161,-7.7.3.137011 1379(73717717111171,1.7111ι
771176 73611. 307.-1,7.71717 1.1117ιι))1; 77.;73 ,31777
171171, 611111.-1,1.111111171,37117 7717 .3. 1739111717,
71111111.11.,16 737; 7791731374 6111111111. 61711111.
(.37111711131111 Q. ’;317 77101 7. ..179131397161111111
1Η617111116 76111. 301- (,7. 7117171111) 13171171 77’, (11.3).
1377 (7111. 7117611167. 31771.) Q. 54⁶} 7’7.6. ,”136917 1111
ιι. 6711171711, 3171111, 7111111, 71111331111117111 Q.419; 7791

31774 (7111171111 7717. 111 7171171 Q 370;7.’7’.’.31376ιι 1777 ·
11· 13 1117311· 731171111311.. 3, 33
bahan 1717171111 6,171.-1.,7 7111 1111 111117)171’7161711717

7 10:
77111. 1. 71117711, 1311711. 3711117, 7171738711171 7.7”1ἰί”
(’-1.7 -1 7, 31111417, ,Ξό77177111ῠ17ἑ1ἒ (.17311177 1111117 1111111,
’711111171111711,·777171)))71)7ῦ3591)77)3)67ὦ)1)611613))0)1)3ὲέ
’77116511773111171717711771 ι1,77’.17771 ;17, 7, 3131417711.
,;119) 1311161 36 3311; 13191711. 1. Q. 411, 4191; ,1311)613
33. 111311,- 31111. 3· 3311111113 13
1317 (77. 7. Q. 331ὲί) 1936 (77.7, 33377 (31711177. 7177. 711171,
39136’7”(’7’7θ1),”- 31161111 3717111’1’111’11’”1’11111’1’1311’1’1”1’1”” 71,7ι”’7,’·’-’

31,,117711 7..,,.31301(7756 17171- (111177111717171
711177 1.111, 1113,1191; 61,;71.,.,131114 1131, 1131,

1737, 11431746, 1747, 1749, 11101111717711 31. 71117117 711 11111
37111’116371771; 77.;73 7.3’.;1719 77.;47.,,731779,1763,1766,
1131, 1191, ’1137 61. 1’; 1. ι. 3, 1313 (611.) 1313 (Q 1311, 1313
(6.161,17311710161341,1313(6,743,134,1314(6.171,179,
191), 1111 (Q. 193), 1311 (Q. 933341, 343, ’,11 1311 (63141,

 

