m mmm

82252 2., 2122112 211122 2212 (2111112112 22222122221122 112 1221522222 321522
22112221.21221111.1229.1242Θ.5

5Θ117-29 1212121522. 222 1225252115221212ῧ212.15555. 11 (15212552.
222μὲ 1251117 15122852ίὲ ῃῖἓῦυ-ῗῶαῗθτ 222 22112052η)2. 2211292, (2121211111,
2132212115. 14715. 5112121536). 12015122222122123222115.

122-192121111111121122111 122 2121112115 1152112. (Θῲ 21211 2221111405.
209-212 121225 222 2. Θ151122212Θ121212222211125 22221125 ,2)2122211
2222.. 213- 216 (111 1212 22 2122 21225. 21221122212211122 66
112152221715.111221112111.21222152 en 2212222 2221122211212111122225. 229
-2391212 2. ῧ,221222 21212221222, 32222, 322. 2125211211 5.2115]

2112111111,11111.,.(251 2221-2322. 21221111 1211211 2. Θ12212 111215, 2122
11111122 12121122 2. 6661 Historia, 1221122212 Θ11111225 2211211112122215121.
122 222 211221221121-21211222 12 21221111, 212 2212121225 222 (1512112111 111
2221121222, 1151211222 212 22212222, Magistros 2. Θ122121121125211 1212 2212
212 122222222222122122222115211 2. 21252222221122121 Θ1221 11121211, - -
121112111121 22211121. 112 (324Θ5

11-12112125 990- 999 (11215 2221511125. 2221511112).
ff} 2152222111 51221225 21212 212222 2. 222222321115211121112 2111212225

Β211222,3.22.,2112521215222212112222222122211111211·212211.
Θ12212211112111211 12 222 1121151. 1512225. 1222122115 222111, 11222 1511122,
2121211121, 21211112. 1212 212 (112111221121122522Θ12212 522211 5211111121- -
1222222 u. 112. 21221111. 2. S. 4.

[6. 11 15. 22-21. 101 15]

2211522212, 1212521 212125. 222 Θ12122252221112122 1211122112. (1156)

22211221.

5255155212. 6. 12122. 1211. 6 22-12. 225211. 1112121 2. 2 1669.
Θ25111121, 21. 6 2112 Θ1. 15121112 ,1112122 1122122112, 2211 12221 2122212225

22 212 52111 1251211 2122122 222111222, 22211212252112122 2211 22112112 2121222
11251112 221112222221 2215211. 2122 2211 5222112 15151122 Ducum 2222221121
..11122112 1210. (1036.)

(666. 2. 221222. 22112. 1.· 1Θ11522122 22212 1212512111, 2222.
{63³- -666 Θ. 2815. 32. 3'9 3615421615. 12 Θ1151. 6. 821222.
1115 111 2. ξ5. 120925 6. 27152815]

82122221, S 2.,221111111212112521211,21122112212222115122112211
221 11211151. 2121122252 Θ1221 222111, 22212 12211222 12 222 212251
5121112211 2221 5122151211 2. 2211122 2125112252 212122 11321122 322222 21251
1122 222 22 222 Θ1. 22121221125211 22222222212 2. 2212 1221152, 2222 11111
12112111 22111521 1212211112 11212 2221215222 2222 2222111, 22122221 222 21115
1511 2125112151 11225 21222222 5212152212. 2115112221 21112,121122222225212
21121152, 222 Gymnasium, 2 22221522 2. 1112151 212 2ο 222222 512122, 122222
2212 4Θ1211222 12 21121 6661 211111521122211212 1112 221222221112222211.
2122112122221212522122115522221221122512. 21221. 1732. 4. (1036.)

[6. 22-11 11 11111. 2. 1212- -13215, 31- 99 112111. 12121. 13125. 21
4251112112. 1121- 1212). 2215 1112252215. (1421521-21
121121 2.1223212055,66-11121121111217212125]

 

