3333111113. 103

3131111111 (3. 3311.ι 363 11.). 3311 13. 373), 0131111311 3. 373),
311111111111113313). 3111113311 (3. 336-3331131311
{3 16111 93111113111381311111ω31ῗὲ13111131111ω31111111111
31123141, 31111 13113), 3113111113 3. 313), 3311311 13Ϊ 131
³⁶⁹ 11 ε11011111 ,1111113111
ἓθὰι) 116111113 111111. {t ί13311 1311101ιῐ11ἓ183111111, 1111113111, 33113133 11.
113111) 3334111 1111. 3. 1333 (ber. 11113 3. 1111113111316311.
3111. 331 11113113311111. 11111. 3111111111 11. 311311. - 3331111 3. 137,

13011. 303; 1111111 τ. 131- 13311131. 3. 311111.11311113111311111131. ··

- - 111133. 3111111111 31111. 1113 11131 z 30 11111, 3. 3. 1310-
1340 (6 1333111111113111 111111. 111111 311, 1111111131311111311.. 7 11111.
3. 3111.1)11331111111111 1111111131). 3. 33 11., 33 11., 3311.,0611.,
100133 100 1113 1³⁰ 13113111 113101 13. 1011-,1001 -1 000111

133, 11313411, 11311.. 331, 910-919, 919 ., 113 1., 113-
337. 1111311111 31111111 1. 3 1111111111). 1131111311 133341133-
103, 113, 13011.. 149, 149, 133. 16310411, 1691 11. 1311313333.

113, 134-1113, 909, 910-919, 31311311 1., 3113311 3 33313·
1111 1. 111. 13. 166, 114, 334. 333); 3 113111 111111 (3. 334, 373 11111.
1 31111111333113113 13. 373 11.). 11111. 3111111131 11311 3. 13011. 199.
891. ὅ. 331, 336 11311311. Erat), 999 (1111131100.)¹ - 011111).ῡ311111
11111111 13 11111.. 3. . 1307-1333 111 333311 1111111 3. 9. 31111111 111111
1111 3411.) 3.1111.,11 1 ..1311 133 11., 133 11.. 111, 111 11, 11311..
134. 1441.. 149. 16311, 1611, 116, 17311,111-113. (1131131
13333311111111131113113Δ 11 11., 1111.. 99, 99, 104, 113, 111-
114. 134, 149, 131161, 113, 191-199, 3133333111, 1 1033311131
13. 336), 3 3331111113 (3. 31, 174, 333, 336), 1 3331131133 13. 333 ,
3 3331111111 13. 73, 31 11.,113, 191 1 .) 11. 1 3311111111 313.
311. 6. 380, 333 (1111113131. stim), 333 (1111113131). - 111111). 1111·
111ςῖ {3 1119111111 ’11111 313& 11111 1611331111 1111111
31319-1999 (1131 3 1111111 111111 13131111 311) 3. 94 11.. 13711.. 141,
114, 131-113,116-111, 949, 13311.. 999, 999. 31311, 111. 0131111
1113113111 3 311111. 3. 31311113 (3. 94, 141, 313) 11. 1111113111 (3. 333).
3111 3. 360 Q u. 331 (1133111311. 1131313311- 1111. 3. 11111111 (3. 34-31,
10433411). 1111111111 133331, 331333, 341, 330-333), 0113111111
(33311,113-117.170,173,303,303,311343111311111114113307,
11113111311113111111111111111ς131111.111111
31111311( . 131. 111, 11, 3411), 1111111313 311 1., 1411..
133113 13143. 109, 131 1 . 113, 143, 313), 311 1111 . 99,190,
11111.,331), 0111111113 13. 11 11.,3411.,1ο4,113 131, 149, 131 ,
3311111133113. 14, 141, 144, 103, 113, 141, 11111.. 3131-31
33 3113 (3. 199), 411991111191 13. 199, 111, 133, 111 11.. 113-
9⁷9999919910999 11111* 1310111111013111
-119', 11111, 116,’141ζ 13111, 11ὀ1’., 111,”13111.,’ 13111.,’131,
133, 900-909, 13311.. 909-119, 990 1., 1311. 14311. 11313,
311-333, 33411, 34611.. 343111 133. 133. 1111. 111 1111111111 3. 37311..
11 333 1111. 1111111), 33131111331ῇ13. 149, 163, 113, 11111.. ²9⁵-
111; 149, 105, 114, 13311.. 144. 11. 313 3111111. 3. 333 3. 131. 331.
1111313111113113. 33131111 1. 31111111. 1310111.. 114 101 00111
(3. 30, 33. 333 11 ), 111. 3111111111 1333113111 1 13.133),11111 ·
1111111 13. 100 11., 131, 330, 336 11.; [0111111. 3111] 133; [1111111 ·
1113013311] 3301 [3111111] 101. 166. 1111 3111111113. 316 11. 333

 

