504 11111111.

11111. 6111111. 011111(11111111.) - Η11111111, Chrys„ 1111111111111
(11111ιοὶ1111. 11111. 1610. 111. (1111111.) - Burgum, (1111111ςί11 Di-
plom. 1111111 Η1111111. ’1. 1. P. 1. (11111111. 1111111.1111111.111ι
111. 11111111-1111111111, 1111111111 111111ῑί111 111. Τ. 1. (111111
111. 1111111.) - Η1111111 ab 1111111111, 1111111111. Imp. (11111-
sus 111. (111111.) - 11111, 1. 1., 1111 11111111 11111111. 1111111 1. 11111
111(41111)1-1.111.1111. 111 11111. 1111111111. 11111111. 1818-18.
(1111111. 1111111. 1111111. 1111111.) - 11111, 1. 11, 11111111 11
111 11111111, 111111111111111111111 (111111111111111111111111. 1. 111. 1.
1111. 11111. 1884-18. 11. 1. (1111111. 1111. 311111111111 111 111
1111.) - 1111111111, 1111111111 chronici Bambergens. diplom. Bamb.
4. 3 Ρ. - (1111111111.) 111. 11111 1111111111 11 611111. (111111
1111111111.11111111.111111111111111111111.1.1111111111,Β111
11111.,1111111111, 111111111. 111. 1. 1111111111, 1111111111.
11111111. 1. 1111111. 811111. 1. 1111111111. 81111111111. 1111111111.
· 1111111. 11111111. 1111111111.) - 11111111111 111. 1. 11111. 1111
1116111111111111111. 1111111. 11111111.1111111.111111.1111ι
11111. (1111.1.11111111111.111111111.(111111111111111111.
1111111111. 11111111. 1111111. 11111 1. 11111111111.11111.).·-
Hildogardis 1111111111 (1111111.) 1111111111. ΡΡ.1111. -· 11111.
comit. 1111111. (11111111. 1111111111 - 111111, supplementa 11 1111
1111111111.111111111116111.(11111111- 1. 111111111, 1111111111
111 1111111111. 1. 11111. 11111 111 1111. 1111111111111. 1111.
1811. (1111111113. 11111. 11111 111 &tim 1111111 (1111. 1. 1111111
1111. 1111111111. (111111. 111111). 1. 11111. 1111111 111 11111. 11111111·
111. 1111. 1811. (1111111. 1111111111). 6. 11111. 11111 11111111. 11111
1111111111 (1111111). 1. 1111. 111111 111 1111. 11111111111111.
1111. 1811. (1111111111. 1111111111 111 &tim 111111111111.
1111.(1111111.11111111.) - 1. 1111111111 11111 1111111111. 1.
11111. 11111111111111. 11111. 1811. (11111111. 1111111. ὓ1111111.
1111111. 1111111111). 1. 11111. 111111 111 1111111 11111111. 1111. 1848.
(buohstab). 111111. 1111111 11111111. 111111111111. 1111. 1848.
(1111111111. 7. 11111. 111111 111 11111. 111111. 1111. 1848. (1111111).
8111111111118111111. 1111. 1814. (1111111. 1111111. 1111111111).
- 111111. 1. 1111111, 31111111. 1111 1111111111. (1111111. 1111111.
11111111.11111111.ὓ1111111. 111111. 1111111. 1111111111. (111111.
1111111111 11. 1111. 11116. 118111.) - nater, ,111111111111111111111
111. (11111111. 1111111. 11111111. 11111111. 1111111111. 111111. 1111
111. 1111111. 1111111. 111111. 111111. 11111111. 1111. 1111 Q. 11111.)
- 1111111111, 8111111. 111. 1111111111. Τ. 1 1. 4 (11111111.1111111.);
41111111. 1111111. 131111111. 1111111. 111111. 111111.) - 11111
- 1111111111111111161111111111.111.11. 111111. 1. (11111111. 1111111.
11111111. (111111) -· 111111, 1111111111 1111111. (111111.) - 111ι
11111,111111111111111111111.(11111111.) - 1111111111111111111111
1111111. 11. 1. (1111111.) - 1111111111111111. 1111111111 11. 11.

 

