Qfflmm. w

11111, 11111111 11111111 111 11111111. 11111111, tiu 11181111. 1,
1111111111 11111111 11111111. 81111111, 1. 111 ἔ1111111111).
namn. 11111111111111 111111. 11111111 11111111, 1. ἲς. 1111-
1531 11101111), Θ. 706-116. 11111111. 111 1111111111 1111111161.
Ἧζοτιε 1. 11111, 1. 3. 1181-111011681111), Θ. 746-757. Uet·
ὀ1111111111111111111111111111111·11111111121)
- , . - . . tue 1 ιιιι
1111111111111111111111
11111 11111111 1111111111 1111.Ἰ 1161 1111 111 w.) 111 11111 1. 3.
979-1717,ι1. mat 11. 1. 3. 979. 1 111, 11. 1003, 1 111, 11. 1. 3.
1117-1185ι 1 ιι, ιι1. 1. 11. mol-1298: 1111111, fib. 1. 3. 1303-
1399: 111111, 111. 1. S. 1401 4111111111, 111. 1. 3. 1501-1592:
171111,.ιι1.1.3.1605-1696; 11 1111, 11. 1. 3. 1700-17ι 11 1111.
11111. 1111111111 111Θ1. 11111 11111111.1111111111111111111111111
111111 1111111111, 11111 1111 11111111, 11111111 1111 11111. 1. &t
1111111 ., 111 Θ1.,11111111, (1111111, 1111111, 1111111111,
11ᾖ ffltbssfigff'bmn wlberfebtffiffit. 11111111. 1111111111
11111111 1 11111111. 1 .

51111111111111. 111111111111111. &h 3. Q 171-171.

[11111111111111111111111111. 111. 111: 1111 1116111111 111 11111
1111111111111111111, 1111111 1. 1111111111 1111111111]

8111111111. 1111111.) 1111111111. (zamam, 311. 11111.) 1111111111 111
111111111111111111111111 1111111111 1. 111. 11 1111. 11111111. 1771
-81, 4.) 11. 1. Lib. 11. Soet. 11. Cap. La„ ῧ. 31 fga „Diplomata ow

g. ἔξω 1111111111111. 11 11111111 111111 1111111111 1111111111.
11 . 111111111111, 111111 11111. 111111 1111111111]

111111 131111111111. 81111111 1111111111111111111111111. 111111. 1711. 1.

[3111111 8111, Index Diplomatum Quodlinburgom. (1. 119-
16151 11 1111 11111 Q]

1. &baurg 11111. 111111 111 1. 1111111111. 111 11111161. 1111. 111. 11.
ὃ. 111- 11.

[8111111111. 11. 11, 111111111111 11 11111111 u. 1111111111 1111
111 Ει111111111111111 1. 11111111111111111 1. 1. 111111 111111
1118111111 11111 1111111 1111111111 111 111 ..111 11111 111 111111 1111
111111111161111 11111111111111 suber 111611111111111111 ιι. 1. m!
1111111111. 11111 111 1. 11111111111111. 1. 111111]

Βέ1111169111ἑ1 allgem. 1111111. 1. (1111111111. 111 11111161. 1836. L
. 22 -23 .

11111111, b. 11, 1111111111 111 gut 111111. 111 (111111111111111
&ammuh »11111111 11111111, 11111 1111111111, 1111111111111111

11111 1111111111111 111 11ιιι (1111111111111111111111.ῦ11111ιιι1111 1111111
1111ῧᾶ11. 11111111. 111111 u. 1111111111.) 111. 4. 6. 95 [gg. ·- 81. 1
(Μ1Μη11μω

1111111111 111 1 1111111111. 6111111111 111111111111111111111
111111111111111111111 111111111111111111111111

1. a. Liber privilegiorum 1. litterarum 1. Albo civium 11011111. et ·

com 11111-1111 1111111 privilegiorum 111. 11341-1167. 17.

 

