9494664464 999

-44944 964. 4444. 5. &5555an ze. 49, 49, 99-944941674
93994499 55555555 55551555‘5555555
5. 644, 6,’644,. 44-46, 4644.. 46. 4966694664, 9.-46 55 44 49
4406494 49464964. 969 449644 444694, 5. 66 44 4944644. 9, 46944,
484 49994444 Ε. 47- 84, 90 44 44447 9 1944-43914. 4494495964),
53. Ρ94ὓ14ἓ,4,9944. (9.44447 9. 43436, 49494. 964, 404 494944 944666
5⁰55o²5=1 1& 49ἑέ 19393 (5555555552715551- 555525255554855555555:
5 155- 466, 464 44 96444 94. 49669444, 94-66 469 4,.949446
4999- 43994. 946.ι4949965 ¹55¹¹555555M1553⁰¹¹bUm&
,6464464464 664 4644444449,
94999 9- 5535 9944944 555555
99999999 555555 5555 99699, 694·’.
4696 555 ,464966 9946444 u:555
4.4900) 4946469966). 5. 3³6- 944 9944. (9644964449), ὕ. 949
(wast-5555.5555555505515511555551555555555‚555515
555525 999911 4949994949 t’5555 494949 e5555555 555 5555555555555155·
46464999999446664664414469,999 949494966444496,49445ιι
555555511 74944 949 ς447964 99444 466 t, 94446 Φ9496444644 24444 44494 e 9964 24666
5555555‘55‘5 999,9469999499ἓῖ”’9 ”’

4464469. 4444446469, ‹515555 9. 2946596.

666464, 6. 4444. 6 46 (5 1115. 6. 46446, 44664. 9664

445 6 4694·

66996, 555 96646,
9994444994 69 515 555 ῑ4,4ιιιι 4946966 ιιιιι im 8469464 ι 4644464499 ιι.

4444499998 9941ε99ᾒ249044969444 8946446449 9ιι 474664 4966696964. 866

446, 1779. 4,
ffim'gm 555. 8496644444 Q 444

90644, 5. 49946. 4449,

94 555&- 44 49 555145555555 44, 1479 9946 946 369

44449446 5555. 994 44]
⁸555, 55. 85.. 992466426690469644 ιιιι 364466 4990 6966 4449944486·
4446649964 555 846694696444444446 86696 9 44496 4694444446 6. 7464449446
444645444ιὶ46 5515552555.55512 5555. 4994-99.

436 966 96464444. 446944 4744 eine 46944 946644 8944496446. 844. 94, 4.
Θ. 4844 4..50 525665 73 74 2274 ,55555 23228544Ἇο 2.734 4.
395 4184 42444. 47454 ἵ 2 ,4474. 404, 81. 826 108 4.
ἔπι {affl} 1555 5555553551²⁸⁸ 664, 466. Β’444--946, 446 44, 66466·

555. 96, 8944444949 9444444449. 464644 946449 999 4446449 5555 44944969 964
9464646 6694ιί4 8666999664, 9444444 ιι 9946 9644466 944 644496 366469 4449
4444444464, 9, 5. 846944. ιι. 894417906699.

[49444644 te, 5. 4949, 4949, 44446, 4449, 44646, vernn. ὅ, 44- 49.
99. 99. 4448 9 4994. 4944. 944 946949696964 9 94669. ῧ499464 Q 999 44
9444464649. 914649, 9,44,99 4494444479, batt. 44949099, ῦ,-·399 4044

89444444, 84444, 86, 9444949664 444666 944444 966 9366446 6694 9464 49 944 44644
644, 49644744 ιι 5. 99. 644, 55 4949 9494 6264, 4449 9446494494 464. 96444, 4490,

etr

 

