111 1111111111. 1115

Νι. 1111. ῦ111111111. 1111111111. 111111 01111111 1 111 1111111 1. ὅ. 1111111
11111 1158, 111 10 Q. Νι. 460. 6111110111 1111110111. 1. 1111111111
1. ἵ1111111,.1.·3. 1410. Νι. 41611111111111 1. 1 &t Θ. 111 111111 11111
11111101111111111 1111111131111, 1. 3 1111. Νι. 113. 11111111. 111
11111 111111 1. Θ. 111 1111111111. (1111111111 11111111111111111111111111 11.
1111111111, 1. 3. 1191. Νι. 410. 11111 111111111, 1111 11 1. ῧ111111111
111 1111 11. 1111111111 1111 11. 11111. 1411 111111111111111111111,1. Sena·
1111111111. 1. &t 1. 11111111111111 11111111111181111111 111 111111. uz
1111111111111111111111111111
1111111111 11. fid) 1111111111 111111,ῠ1. 3 1500 11111. 3. [111184Ίὲ1.
111· 5311111111 3·1”1’11Ρ“1111“1111 111111 ¹2⁴:
11111111. ’1; 111-1111111.’1Ῐ11;”’1111Ῑ1111; 111. 111-111 ιι11111
-14992 Ν1. 145-4991 1500-111311 Ν1.100-8181, Ν1.1-018 114011
1111, 1. 1111-1131, 11111111. 1. 1111111111. 11111 11111, 11111111 111111,
111 1111 1111111111, 1111111, 111111 11. 11111. 0111 1. 0111111111. 1.
1. &emo 1111111111 1. 111. 1111111111, b. 11111. 1111111. 1v. 1. 11111 111, 1111111
11111, 111111. 1. 1111111111.. 1111111111, 1111111111. 1111111111,
1111111111111111111111111
ἄζυξ 1111, §.t 11111111111111111111111111 1111111111119111-11161111 :1³ eim

11111 11. 8111111111· (1111111111 11111 1111111,1111111111 1. 1. 11111,

11111111111 1111111111 1111111111111011111111 1111111. 11111111 1111111111
11 11111111. 1. 1111111111 111111 6111111111 6111111111, (1111111111
1111 11. 01111111111111, 1111111111111 11. 111111111111111151111111 1. 11111
1111111111 11. 1. 11], 11 1. 1111111111 1111111111, 1111111111,1111111111111,
3111111ᾅ11 1. 1111111111 10111 1111 11 (11111. - 1111111 111 111111111111111·

ἕίῗίἓίῦ 11 Q 10. 1. 9111111111 11. 1111111111 6111111 [1. 111. 11111111,
111111111111111111111111111111ἶί1111111111.ῗὲἑὲζ

1 1. 61.. b. 1. 111 ⁵ 1111111111 11161. 11 1111111111 11111111,

0111111111, 11111111, 0111111111, &al 1111111111111111111,
11111111, 11111111111111141111111, (1111 1. 1. epu, 111111,
8111111 ,111111111111111 11111111,1111111,111111.ιο111111.,
1111111111,ῧ1111111]1111111111111111110111111,1111111.1.],
ἲ. 1111 ι11111111161111111111 1111111111111ὓ1.ἱ (1116311111 111 ww* 11111ιέ1 '
fg. 111 1111111111 Qum mo 't. 1111011ἱῖ. ἐ111111α111ς111111111τ11
11111. 0111111111. 111. 1111111111 Νι. 99-101, 103, 1111, 119, 111, 110,
110116, 111 [6111 1. &t 11. 111 1.1111111111111,111 11111111
11. Ν. mm, 2³0, 231, 133 , 140, 1411, 111164, 407, 409, 211, 431,
443, 4411 451, 451, 451 11. 119 [11111. 1. 1111111111111 1. 111 1111111
11111111111 1111111111 141111 613-615 [1111. 111 1111111111 111111111
1111111111 1111 3 113[1111111111111 111 111111.1>11111111111111]1.11.
111-111. 111 1. 1111111. 1. 111. XVI. 1111111111111111111111. 111 ult:
11111. - 1111 3111111 11111111. 111111 1. 111111111111 1111111111 111 01111
11111111 1111 011111. 11111111111. 111111 11111111. 111111 11 111111 11111
1111111111 1111111111 11111111111.*1111ῗ11111
1111111111111111, (111. 1.111111’,.011111111’1,111111111911111111
11111111, b. 1. 01111111, 111 &tame 01111111111, (111111,
1111111, 11111111111 1, 1111. ffl. 111 gron. 61111111, 11111 1111111111 1.
1111111111, 11111111 1. 1111111111, 1111 1111111, 0111. 1. 111111
11. 11111. 1111 1111111 11111. 111 1. S. 110, 111111111111.3.1111 (111.
111 §tm 1111111111.

 

