888 1111111111.

1181111 1818 6. 181 1881) 61111-18111111, 811. 1. 18. 11111.
ὅ. 188181181118, {ube 111 1111111111111.Ι (1888) 1111 111111.
w· 1· W 1 (18.1111111811·18.
ffi. ἓ. 111;(1Ἅ1)Μ811111101,ε111 1. 11. 11181, 1111. 8. 111. 1. 11
8118111111 (1801) 11111 811111ι1111111 1111. 1. 1. 88111888. &⁷083
1111811( 111111. 1801· 1111111111. 111.1888.- 81811111118111]
1 en: . : Ι =
111111111111111111 111111
1·1111111111111111111111111111
81111111 811 811. 1481. 1141. 180, 8111111111. 1. 7. 111 1884. Ε. 8811
(1448) &teutonum 8111. 818 111111118111111111 1180. 111. 1848. 31111.
1844. Q 881; 111. 811 118111111111. 111111111111811118 111111. 1. 811. 1418
1111. 11138111111118111111111111111111131 1111,
11111 111111(1111111111311 1111111111ῗῖἱῖ
81811111111111.*8111118181811·11)
1111111111 1. 11 811 1111. (1488-14841111) 11111111 111111. 1. 11.
1311. 1840, 8. Det. 1841, 4. Sul. 1848, 80. ῑ11111848 ιι. 10 6111. 1848.
111111181111811118.11.111118
111 3111111111, 1811111111 1181 81111 (1411) 1811111811. xx, 81
1111 111111Ϊ1111111111118181811118111
11111 1111181118111111111 818 1111811118, 1111. 1. 17. 1888. 6. 8185
1111111111111111.1ἱ11111”1”111111111131.ιὲ. 11111
11111811311111111111·11111111111111111111.1111111

1887 1118111111. 1. 11. ung. 1888. (ᾗ. 488; (1481) 111111, 11111111 511111
(1111. 81111111, 8111. 811 (8111111111 811 (111818111ἓ1118 1. 81111

111111181118118111. 18. 81111), 11111. 17. 81111 1848. . 181; (1188
111111. 11111811, 81111111, 8111111111111111111 1. 8111111, 8111. 81181111
1111111811 611111118111111111111 111811 9111 1. 181811. 1844. 31111Α
1848. 6. 888. - (11111111111111ι (8884) 1111111111. 1111111111 8111111311 1.
11Ξ“1”11’1ῗ“1111 11111’8111111111111111111111. 1111
11ξ’.1111111111181111111ῑ’8111113 ,1111111111
8111111 111111111811111. 111. 111. u. ὓ111111. 1. 8. 11. 1881511111. 1811
6401.-1111(1111111ὲ(4188)11111111111811111111811118118111
81111811,1111111881·1111111811·,1
18, 84, 88, 88, 1081. 11111111111111111114118-4131 18. (Ξ. 818, 888.
1131111111, 849, 160, 191, 541, 316, 369, 249, 191, 228, 363, 611
888, 188, 180, 481. - 11111111 611118111111111 (4188) 11111111 11111
11, 8111111, 81111111 1111111111, (1111111111. be 111,(1111111111111111,1111111
1181881111, 8111111, ὓ18118, 1111111111, 1 1911111111, &adv
1111118, Θ11111111111111611111, 8111111111, 1111 1111111, (8181111111
91181111, 61111111181181181), 8111181911 , 1111111111 1. u. 1. 1.
811116181111 1111 11111111111111111111 1111111111 ιι. 1111111
11111118111111111811111111118 11181111 111 1311118111 8111118 1111

,311 1. 8911118811. ὦ. 811, (4188) 91111111 11111118, 811. 111

 

