6111111. M

(11111111 11 1. 111111 111111 1. 111111. ιι 1111111111. 1. 1111111111.
111111, 1 (1145). - Ι). 8111111111 1111111111 1111111. 11111111. «1111311111
1111111111111161111111111 111111111111 116111ιῦ11111 1111111
111 6111111, 111 1111111111 mit 1111111111 111111 111 11111111111,11
1111111 8111111111 1111111111 11111111111111111111111111111. 1111111111
111111, 11111111111111111111111111111181111111 111 1111111111, 11111111,
11111111111111111111111111111111111 11111111 1111111111, 1. Δ. 11711
11 1111111411 11111111, 11111111 1111 -· - 1111 1111 1111111111, 1. 1111
1111111111, (111111111111 1. 8111111, 11111111111111111111111 111
311. 11111111 111 1111111111. 1111. 1741. 111. (6.141-116111
11111. 1. 3. 1111-1711.) - 1111, (1. 1111111111 111 1111111111. 11111
11111. 1111111. 1714. (1111111.) - 111. &- 11. 11111 &ethim-murgi«
1111 1111111, 11 1111111 1111 111111 111111111111 11111 11 111 8111111111.
11111 6111111 1. 6. 1111111111111 111111111 ὓ1111111111 1. 11111111,
11111 1111111111111111) 1111 11113. 1741 111 1711 11 1111111111 1. 1111111
1111111, 1111111 1. 1111111111 1111111 1. 111. 11111 1111111111111111·
111, 1111111111 111. 111111111111111111111111111111. 1111111111, 11111. 111111·
111. 1. 1111. 81. 11111111. 31 11111 11111111. (111111 1111. 4. 1. 11111. 1.
um. 1111111111) -·· 1111111111, Η1111111 111111111111111111. Τ. Ι
111. (11111111.111111.); 1 (11111111.1111111.); 1 1. 3 (1111111111
1 (111111. 111111.) - 1111111111, 1111111 1. (1111111111, 1111111
1111. (1111). 11. 31111. (1111111.) «- (1111111111.) 111111 11111.
1. 111111111111111111111. 91. 1. 111 1. 1111111111. (11111111. 111111).
11. 1. 111. 1 11 1. 1111111111. (1111111.) -1, 11111111,1111.·11111111.
11111. 1. 11111. 1111111 111 1111111111. 1111. 1. (111111.) - 1111, 3.
111, 1111111111. 111 11111 ὓ1111111111111 11111111111111111 11111111111
1111. 11111111. 1711. 4. (1111111.) - 111111 Princeps 1111111111 cogn.
1111111. luch. 11111111. Codex diplom. (11111111. 1111111. 111111.
1111111. 111111.) -· 11111 11111 6111111. 11 1. 111111. 11111111111111
1. 6111111. (11111111. 11111111. 1111111. 111111. 111111. 1111111111·
111111111111111. 611111111111. 111111. 11111111. 111111111111.)
-· 1111, 111111 1.11111111111).8111111111 111. 6111111. (11111111. 1111
1111.11111111.1111111. 1111. 1111111111111, (1111111, 111111,
. 11111111,1111111.,11111111111.1111111111.1.1111111111.
(111111 1111111. 11111111111. 11111111. 11111111111. 1111111·
111. θ111111111.) - Horu, 011111111111111111 1111111111 111111-
1111 4. (11111111.11111111.11111111.) - 111111111. 1111111111111
1111111. 111111111111111 1111111111. 11111111 1111. fib. 1 81. 1, 4,1
11 111111111111.11.4(11111111.);111.11111.1. 1. 1. 111. 11111. 3
1. 4 (1111111181. 1 1111. 4. 1111111111 (1111111111 81. 11111.
11. 111. 1 1111. 1011111111 1111111111 (1111111 11. 111111.
11.111.11.4(11111(.>;111.1111.1111111111111111.
mnam 111. 1 111). 311111111 111. 1 111 (1111111111.) -
31111111111111111,111111111111111111.) -1111111, 1111111
11, 111111. 1111111111. 1111111 (111111111- 11111, 011111111111111

 

