111 1111111111.

11111111111111.1.1111. 1111111111 11111111 11111111111111111111. ,

11111. 1111111111. 1111. 1111. 11111111.) ·- *1111111 1. v„ 11111·
1111111111 111 1111111111 111111111111ς 11 1111111 1111111111 uum
1111111. (1111 1114111111· ὃ· 40111· - 1111111. 1· 11. mor.
11111111 111111111111111111 &t 1111111 11 1111111111. 11111 1111111
1111111111. 1111111. 1111. ·— 1111111, 1. U.. 81111111 111 11111111 111
1111111111 1111111111 111111 1111111111. 111111 1. 1111111111. 1111.
1111111. 1111111111 11111. 111 111 61111 1111111.) - *1111111111111
1111111111 m 111 11111111. 1. 111 1111. 11111. 1111111 811111 1111111111·
111111, 11111. 111111. 1. 111111. 1111. 1. 11111. 1111 11111 1111111 111
11111, 11111111. 111 &nm 1111111111111111111111 11111111, 111·
11111, 1111111, 1111111.. 1311111111,1111111119111111111,
1111111. mimum, 111111111111-11111, 11. 1111.. 1111111111
11111111111111111 1111111111111 1111111111 Θ11111111 11111 111111
111 6111111111, 11 11111111 11 111 11111111 1111 111 int 11111111
1111111 11111. 111111. 1111. 1. (11111111. 111111. 5111111.) - 111·
1111, 311.,1>111111111 1. 1111111111 (11111. 11111. 1111. 111. (11111111.)
-111111, 11111, 0111111111 1. 1111111111111111111111 1111 111
61111 magnam 1111111111 11111 1111111111 111111111111 1111111, 111
111 111 1111 61111116111111. 1111111111. 1111111111 9111111. 1111.
1 1. 1111111111 11111111 111111111111. 111111111111111111·
1111’1ῢ1111111111111 6111111111. n. 1. N. 11. 1. 1111111. zeum. lu·
1111111111. 1. 1111111. ὅ. 111111. —· 9111111111) 11111111) 1111-
111111 11111111. 1111 111 61111111111111111 u. 1111ῶ11111111 111 Um
611111111111111. 111111. 1111. 1. (111111 1111111111. 1. 11111111.. 11·
11111111 1111111111 11111111 1111. 11111111 11111. 1111 11111111, wan
111., 1111111, 11111, 1111111.. 11111111- 11111111, 11111. Al-

1

nodam 111111 m 2⁹³ ,111. 111111. v. 11111) 11111111.. ³

1111111.,ὓ1111111., 111111, 111111.,.111111., &m- - 11111·
1111, 111111 1111111111· (11111111. 1111111. 1111111111 fimf.
1111111111- 1111 11111111111111111 11111. Ρ1111111111. 11 m.
1111111111111111111111111111111 (11111111111 11111111 1111111111-
niun, ῡ111 111111111111111111111111 1111 1111111111 1111111111111·
6111111 1111111111 3111, 11111111 11111111111111 111111111111111111111111·
11111 111 11111111 6111111, 111111 1111111 111111, 11111111111111111111111.
1111111 31111111, 11111 111111111111111111, 1111111111 11111 11111111 111
1111 11111111 11 1111111111 111 111. Antori- 11 1111 111111111111111 11111·
1111 n. 1111111111 1111. 11111111 8111111111. 11 (1111 111 1111111111
ἅ11111111111111111111111111111111111 &unaminiter 11 31111111,

111111111111111111161111111111111111111111111111. 1111111. 1111. 1. ’

11111111. 11111111.11111111111111111-111111111111111Η11-
1111.111111111.11111111 111111. 111111. 1111111. 1111111111111.)
-- 111111111, 111111. 6111111111 11111111. 1111111. 11111111.
anun». 1111111111. 111111. 111111) -— 11111111,1111111111ω

anamma, 111 1111111111111111111111111 111111 11.

 

