120 12122122.

- 2. 1211221212, 1121222122 2. 32222112 121122222111. 1112221222
1212. - (121221111122211212221. 1121222111 222 12112122 1221122111
12221221, 121121221222122 121122 121122 3222112111, 1222211221122211
12222. 213. 2. 2. 3. 821. 221. θ21221121221122 22222 121122. 11211 -111
11212, 1112221111 12112. 2. 12121. 222 1122112 (221. 2122 Q 221 122.)
111. 1. - 1121122222,112221111111211. 22112222. 3212111 1. 1112122·
6111. 1122. Tb. 1. 111. 2. - 1121122,112111ι12112211.1.121211.
112221 1121211 (221 2122 Q. 111). 111. 2. - 1121122, 121212. 1111212 Ι.
111212 2. 11222122. (221. 2122 Q 217 121111. 1. 1121221221. ·- 122211,
11112 2.112221111211221222.111. X. - 022122. (1121112222212211121
0d. 12211212. 12121. (221. 2122 Q 211) 111. 111-117. - 1112. 11211221,
82221222. 2112212. Ρ22.112222.(2.261). - 1121212111, 1121121. 3212·
111122. 1. - 1122121122, do 21212 publico Europae 222122. 2. 9219.-
(1. 1. 11212222, 12122 2. 2212121122 112122 12222 1111212211 2212111122
11122. 11211221 1122122 222 1121212211 2. 1121122. 12122. 1711. 1 - (1112-
211 112122111221. 22218. 112221121122 Archi-Ephe. 02122. - (11221122,
112222. 1221.(221. 2122 Q 158 12.) Τ. 1. - ’11222122 Codex diplom.
22221221). (221. 2122 Q 162122.) Τ. 1, 12. 7. (112 11211. 1212. 2211122
112111 12111221111211 121 1221121. ,1121221 222 1122222221, 122222 1. 1221111·
211 2. ῢ222122211 (12121121 2222122 112 122122. (122211 2. 1122212222, 11221
2. 111211, 1212. 2. (121111122122, 11112211 2. 1122212212 1222221121222·
2211. 1222. 6222122211, Θ22ι122, 11211212 1. 2.11121122.11.;1.ὓ21111.1122·
212, 111122θ1122. 1121 112 1122111221. - (1122121, 11111 212212. 1112.
ιι. 11121. 2. 1111211221. 12121. 6222211- (112122, 1222112122. Τ. 1. -
1121212211 111112122121111 02221111. imper. T. 1 2. 2. - 12121122 1121211
12211222. - 11211. (12112221121222122 1221122 22 privilegiis (21. 8212212212.)
Τ. l. 122221 (1222222122. - (haber, 81221222222122. 2210212211·
222122.-(12(122,(12122 diplom. 1222212122. (221. 2122 Q 107), Τ. 1
-1, 121221.1(,1112122ι2122. Ordinis 2222212 Τ22122121“ 16111211. 1. 1121
-13711 - 1122711122·22122 1121221222212121. (221 2122 Q 118 12.) lv,
1. 2.- 1122122112, Analecta 2221.2211Τ.12.2. 1121. 2122611112.
- 112222, 1122112 1. 11211. 2. 1112112211. 2131221222122 1111. 11.
3. 111. 1 (12221221222122122212122). - Hakluyt, (1211221122 21 vonges
Τ. 1.- 1221212222, 1212212111212 122121121211. - 1122112122.
1122222222 diplom. genealog. Τ. 1. - 11. ι.111ιιι12,1122222ι Concilium
022212212222 (Tr. 21122. 1697-1700. 2. ed. Berol. 1712. 121. 7 Τ) Τ. 1.
Ρ2. 1. - ’1211211212 211212222122, Codex 1222222122 diplom. (10
11211.. 222112. 76-110, 12212122 111 221 121 1221. 1121122221222 1221
922212, 21 221ὓ1122). - 1121222211121122. (1221221222. - 1121-
2222.,822.222.1122ι222 - 3. Q 122221, codex (11212222211212 8.
1122122 theutonicorum. 1121221221. 2. 1211. 1. 1221111. 1121221, 121121. 1.

1121121 112112221112122. 1116. ·- Η22212, (12222221. derebus 12222222
2122112222222 ox 1212 12 Unguium 21 1112212222 transgressorum, 12
1222212 exstirpatam. 11221222. 1112. 1. - 12122. 122211. 2. 11. 1701.
(11.2. Gap. 10.) - 112222211, nonum. 1121222 Ananiae. T. 1. -1θ2,

 

