m

354. VIII, 950.1Χ,37. 387.Χ,488.
mammmmm
418. XIII, 133. 959. 953. 393. 394.
XV, 101. 109. 11111, 63. 939. 381.
389. 439. 433. Χ1111,15. 115118.
999. 988. 384. 385. 454. XX, 910.
mm-mmmm.
148. 11, 88. 86. 87. - 9. 8998118.
III, 30.
1341.

1. 899888. I, 84. 149. 11, 987. 489.
III, 374. 1, 89. 90. 939. V, 319.
313. 11, 97. 98. 111, 195. 414. VIII,
m.mmwm.nnm
418. 419. XIII, 953. XIV, 81. XVI,
499. XVII, 939. 940. 334. 494.
XVIII, 15. 18. 117. 118. 989. 454.
mmmmnm-
9. bau III. II, 146. 147. 143159.
153. 11, 88.

1349.
ιΜωωωΜνωωη
998. pVI, 404. VIII, 959. IX, 37.
38818199 XI, 35. XIII, 31. 103.

“ 394. 395. XVII, 83. XV,III 385.
999. 1111999994. 11, 919. -
2.mpffinmmmu
wnssaww‚m.

lwmmlmmnww
mwmmmmmm
53. 1, 99. 319. 390. 11, 354. 404.
456. 457. 111, 198. VIII, 959. 953.
ΙΧ, 37. 39 369. 370. X, 944-947.
XII, 157. 994. 419. XIII, 395431.
XIV, 91- 85. XV, 109- 116. XVI,
393. 394. 499. XVII, 334. 335.
mmm mm.m
159. 180.181.189. 183. 164. 185-
167. 168. 189. 11, 71. 79. 73.

NJwm‚m.9mmm
37811, 98. 989. 307. 308. III, 376.
mmmmmmm.u
99 38. 33. 355. 458. 453 111, 313.
VIII, 954-957. X, 193. XI, 910.
307. 308 XII, 4979 995. XIV,
8.8·-90 Χ1, Ile· 190. XVI, 395.
XVII, 7. 93. 64. 941. 438. 497.
498. XVIII, 386. 455 XIX, 18. 14.

m.m.nm -9.ω88

1998139.

V, 399. 393. 11, 9393100. 355.
356. 180-487. 111, 909. 314. 415.
VIII 958. ΙΧ, 39. X, 499. XI, 38.
155. 303. XII, 158. 490. 491. 499.
XV, 190-198. XVI, 19. 398. 397.
493 XVII, 93. 84. 438. 433. XVIII,
18. 17. 118. 989. 939. 387. 388.

389. XIX, 15. 74. 908. -

9849811811174. 175. 178. 11,
wm-awmImn.

93. 94. 95.
1346.

ι.ωω199ωηῑκ
ffiwmmwvmww
99111, 9991111, 99948911,

37. 40. XII, 79. 158. 439. XIII,

m.m.fflmwmw
11111,99.941.499.9ὀο.11191,
779999Ὴ1991199
Λωωηωωω
mmmmmm-

9. 8998118. VIVI 97.

1. 0998118. I, 148. 11, 99411, 89.
1, 98. 97. 98. 394. 11, 30. 1Π,
mmmmstmnz
911. 389. XII, 159. 16099511111,
987. 998. XVI, 86. XVIII, 499.
990. 991. 389. 390. 391. 458. XIX,
74. 131. 908. 909. 910. ΧΧ, 914.

99-98881999
193. 194. 197. 138. 133. 900. 901.
909. 903. 904. 11, 77-83. -
88998118197.

1. bau 8.118 III, 378. 379 1, 98. 99.
993. 394. 395. 398. 1111, 964. III,
49. 43. 371. XI, 38 37. XIII, 39.
34. 134. 179. 957. 397. XIV, 99.

9ηωωωη’ωῑ

XVIII, 18. 77. 78. 190. 931. 391.

mmmmmmn¹

mmwaffiufflma
mmmmmma

2.wmmmmmm
wmmmmmmmm

mmmmmmm'

997. 998. 999. 930. 931. 939. 939.
934. 935. 338. 937. 938. 955. -
9.,8998118 I’IIIIV.

mfflmmm.wssw Imelmnmmm

3. 8998118. I, 17.
1 899 8.118 I, 11433⁴⁶ 147 978. 11, 97.
914. 989. III, 38. 934. 11, 53. 55.

37911, 58. V, 100. 397. 11, 31.
VIII, 934 ΙΧ, 44. 379. Χ, 489.
471. 479. XI, 99. 39. 155. 309.
XII, 938. 499. 433. XIII, 958. 397.

 

