473 31111111.

alos, Diplomtnrium 11111111 1111111111. 3 3111 (11113311111131111111 ¹

3111111111111.

3111111111111111111, 1111111111 31111 6111111111, ιι. 3. lus-1450. 61· ¹

1111111 eluet 113111 311111 1111111611 6111111111. (ex 1111. 111111). 111.
311111111111. 1111. 311 31111111. 1. 311111.

7 31111111 111111. 1310-1317.11111.1ιι 111. Germ. 01111. 319 (39 matt)
ιιιι1. 1. 3111 ,11111111111111111 lew-27! 1ιι 1. 311111. 31111111.
1. 311111.

corpus 1161111111ιὶιῆ1 ιιιιιο111ιιιι1ιιι hunniae 1111111111, obet 1116
11131111111311111311131ιι. 111111 61111111 111 31111111111133111·
311111. 31111. 1716. 4

0131161111111331111111111. 3111311111 1111111111 311111 ιι. in·
111111111, 113 1. 3111111011 11111111111111111. 1113111111 1111111
4 3111. 311111. 1770-99. 4.

nudam, 11111111 ιι. 3111111111 (1111111111111111111 ιι. 111111111111 im 11111-
111111. 06111111111. 11111. ι. 1761 (360 3111111. 111111 11 31111113
31111. 311. 31111111. 111 111161111111 31111111. 111 31131. 3111111.
11. 31. (1859). 61111. 11.

‚mab-eh. 11111 111111 0111131111111111 1. 311111 11171. 16111111. 7111
0111111111111. 3611111111111 dieses ortos mit (161111 6111161111. 111111.
311. 811111 11 31111113 31111. 311. 1113111111.111111111131111111.
HQQme

311111, 6111. (111. 1334; † 1733. 311. singularia 11111111. 61. 17. 6.
30911), 3111111111 311161111111111,11111ιιιιι ιιιιι 111111 3111111111»
11111111 1ιι 11111 11111111111111 3111111 111111311111111 0111111111,
3111111111· ιι. 31111113111111111111, 31111111113111111111, 3111111113
111 611111 ιι. 1111111111, 3111113111. 3111111311, 1111 autb 3111111111,

1111111111111 ιι. emmonim, 1111111111 1111111111 111111111ιὶ1 1111 ,

111110111111111131111311111111111111,1111 aud) 11111111131111111
31111111111111111611111. 31111113111111. 1711311.

[1. 1111113116 6. 77. 79. 39. 31. 3611 93. 94. 97. 93. 10911. 133.
113133.1331113611130131.136.813711.144.14611.-143 160.
163. 166-161.16311.133111. 134-137. 306. 307 11. 31111. 3131.
330. 337. 33311. 336811. 3406343. 366·-363. 361, 3661. 3031 ,306
113114811161111316. 33 114311. 47 11. 111. 3111131

mmmm, 111. 1111111111. (11131111111131 31111131111111. 1363. 31.
34. 6. 131-131 11111113 11111113 6111111111 61111111 6111116 ibid.
1367. 31. 33. 6. 191-334 6. 3161111 ,31111 Dr. 31131111. 61113
111 111 1111111111’ ibi& 1346. 31. 19. 6. 339-101), 311111111111311111
311111 1116ωῆ11111 Antiquitaoten 111 311111111111113116311111,
ιι. 1. ιι. 11111. ιι. 3111111 1719. 311.

[31. 1: 6. ιι. 11 11. 1111. 17-111. 117-111. 111. 119. ιιι 11111

 

