1111113333.

1663. 86. 163 6. 313 (6. 31336133. 81111 6131136331. 33131366). ,
1340. 86. 131 6. 6 3. 611. (8116133. 1343. 1337. 66 (6. 8133111. ,
3. 83. 31313333 3. 11131613. 1333). 66-61 (1131 , 6. 8311311333 ,
6113331111 3. 613313 mit 6. 3131313133311 6. 1111631331. 3111.; 6.

113 . 3. 1361, 6. 66-67, 3. 1363. 3. 3113. 3361111.;136.113113.1363

ι. 1367, 6. 63 3. 60111, 1313133613613. 6. stem 13131331). 10311331.
1111111ῖ31111.11.· 31111913111111111111113136
333111. 1343. 86. 313 6. 67-60(311311. . (81111. 616 berg. 331333

3. 661113, 3313. 6333131116, 336 6. ,1333 1331, 1363). 337-

403 (1131313111 3. §Berichtigungen 33. 13111131 11311.133111611’1036
dipl. Brand. 1. 1133613. Τ. 1., 3. 1364-1313; 61131. 6. 8133193. 8131-
613. 3. S. 1313 3311111361( 33119111). 1646. 83. 3316167. 136 (83131

336 6. 3111613116 111). 136 fg. ( 33381639331111 8133113113.

1111. 1363. 6. 11111. 3. 83). 134186. 343 6. 66 (1647). 71 1116111.

6. 1113. 811313. ιἰ3. 6. 6111131113813113131. 1647). 113361 81113933
(6311131111 11316 8311116 3. 311161. 3. 61. ιιι 6. 613. 3. 63116111 331

6. 61313131311331366331ς 131133 11316 83. 3. 3131111333 3311 611
8311116333( 3. (1313131. 1307). 1643. 86. 3616319-367 18311113.
833113111611 1133. 1131163111) ’6 11., 61136311. 11331316 3. 3313166113
311. 33 633 613333111131. 311. 3. (1111113. 336 613 Briginnum 6113.

313 3133111116131 13 6313113 1746). 1661. 86. 361 6. 330 (1433) 1363. 1
863336106-103 (1131. 3. 3131333133 3. 111. 8133313 ,ιιιι 3.
833893. 6. 311336, 81116316). 1411134411. (811363. 313 61. 11311·

336 1311331333 ιι. 3311336 3. 313113. 1313). 1666.. 83. 313 6. 34-
11111111· 1113111113131 11, 163 111 1. 13113 ·
113. 7 3. 3, 336 3. 3. 1401 3. 1406, 3. 6. 3. 83. 33311 . 1663. 86.

643 6. 466133913311313. 1330 336 6. 3111663. &cuph 1331131113.
0113 march. 6333331311). 1363. 86. 363 ,6. 16-113 (1011111. 11116
113131 6131131333) 331 1111133131 61161. 33111133131ς Nr. 1111, 6.

69, 3, 3. 1360, 3111. 13633. 3. 83. 336(311; Nr. vm, 6. 90, 3. 3.
1374, 333 11. 3311113361111, 11136331 3. marchia 1113311336). 403
-433 (33 11311, 3. S. 1377-34, 33361111131611111. 333333 3.
6131· 611 3311113 31113113 1111) 3311831111, 336131331113333336
3111331331. 03131, 61311. 3. 1313-04, Q 433-433, ιιι-433, 333,

431 333 433, 33161111133331). 1660. 86. 36: 6. 36-7313011111.

616 633331131311631131316. 3. 1336-1333; 1133311. 611 61. 113313
3111.. 33113613 6. 1111. 331 6. 46 31113 aud> 611 611611 11131113,
63133, 6333131113 ιι. &iem 6. 1111. 3316461313916.
11111,111.ι1”ἓέ111.111ῗ1111.’1.111161111111111113·
31333 3. 83. 33611113 6. 1131. 3. 1303, 6. 43 fg.. 133 6. 81331111. 8113

3. 8131613.; 311311. 336 3. 31311, 1317 3. 1316, 131 6. 44, 47 3.

46, 333 13316113.; 611313. 1316, 6. 46, 3. 81. 336333 3. 83.; 3
11311», 336 613 3. 1333. 1340 ιι. 1360, 3316. 63-66, 333 81. 13613.

3. 8ι.; 61131. 3. 1363, 6. 66 fg„ 3331136336. 111633, 313 331313

6. 1131. 3. 1363 331 6 67 33313331; 6. 1111. 3. 1333 3316. 701 ,333
33133313. 18111. 3361111. &iu 31111 611 31111111113311111111 1111116
1111111113 1133131133. 3. 311336 13 wevera 0011111111. Br- 31611311,

113 11333 13 6. Destin. liter.).]

Sacrorum Goncfliorum nova et amplissima collectio, in qua praeterea quae
Phil. 1366333, 3111363. 0333331133 S. J. 31 novissime 111331. 00131113 lu·

eom edidero οι omnia insuper 331313 13313 optimo (1131133113 6161643133,
- 33331333303131313. mhucomis, 03331313113331131111131 (1 1763)

 

