636 1111111111.

1111111111961 1611191111..1111111111οἘἰ
11131 - 1111111111, 411111. 111111. - 1113111- 101 Lm
- 310 1111 - 311 (1111)1.111111111.1111111. - 316 11111111611111161111
111 11131111 111111..-.11..111111113111
- 317 311111. - 360 11111. — 367 ,111111 - 314111.- 371 1111111111
{naz-mig& fog. 911111ὃᾶᾦὲ17 1111111111. - 177 11. 0111111. - 3111
919ἷῖἔῦἑῖ ἓοοῖῗέἓᾱι111ἰιῧὲωῗ11. 1111ἳζ8140971119191. 111.

0111111 1. 111. 111. 101. 111 11. 111 fg. 141.

01111 1311111111.
(1619-1640.)

1111111111111 01111111, 1111111.1111111., 0111111.111. 11111111111111. 11. 0011.
0111 &gh-mele} 99111 ffipl'hittf' ssioopau-fstgioTiffifi 4¹ 31. 1117 J
corp. Jur. 1111. - 11116111) 111111. 6111011111. 111. - 116 1111111,
611111111111916’.916111111191113600

v P
811111.-1011111111., 011611. 0. 311. 111110. - 33161011. .’' 134 Go-
111·.1119·-ῖ..31.31111131111311111119111
1116111111 1111111. - 303 9111111. - 306 L1mn. - 3101116. — 311
ἔπι-1111631111. - 3391111111.,91111. 11111 0111. 111. - 310 8111.
{316 Delt. 911111. - 147 0011111111, 1111011110. 11111111. - 534 abet —

1111. Europ. - 36131111 -· 311 1111111111 811111. -

1. 1111 111 1161 1111111 1. 1193111111. 1610).

θέξῖἃξοὲδζὸξιοτςς 10 ,ι δ. 113. 191. 306. 139. 136. 331346. 309. 313

1111111 111 0111161111 6. 69. 137 11. 313. 333. 311. 313 (3111).

6111111111ιῦ. 1 a. 1111111111. 111. 111. 111 (1111).

81111111 1611111111 111 11111 1111111111.
(mm-1688.)

6. 61 911111 , 016 311111101161111111111 11111. 93 1111. 11311 11161111, 1111
11110111 111 111. special. 011111. 3. 111111. 16. 36. 93. 103. 111. 170. 1117.
909. 910. 147. 110. 151. 161. 199. 154. 167. 110. 959. 901. 969. 9111. bn&
31111111 1111 24. 3111, 31111110 Among. 111 31011111ἷ11111111111. Τ. 1. p.
{mugi 3531111901ῗῖιῖ ἕ, ’0111111616Ϋιοξιι Ψ '1³⁰5o (11.ὼέ11ιι(1ὶοῖι“1ῗιῗῐ)11ὀοι.ι 13ssss

1101. sylloge 111, 111 1614, 16111616, 1619. - 136 991111, Ρ11111.11ο-

91·0’111”.8611“ῗ·1911111151111911 ¹30⁷ Β1111191“ἶὶ”191

6111113011111. 0111. 111111 1111 u. 1³40& 141 61111111,

111111.111111.1.11110. 111643. - 146 31111111. - 146 81111 . 111 -

111 1111161 111. 611111101111. 1111 1111641 1644, 1641, 1646 111, 1013,

1111, 1111, 1111, 1111, 1111. -1111111111 (1111111. 111141. aa·

11111. 6111011111. 11 1649, 1617,1661,1666.-111 11. 91111, 111111.

11111. 11 1610. - 160 01111111, 0111111111. 111643111611. -· 111, 117,

113, 161 11199 31111106 0111.11111.Βτ. 1. 01111111. Τ. 1, 3, 6, 7, 10,

11, 11 u. 11111144, 1141, 1111, 1114 (1 3111),1111, 1111, 1111. -

 

