111. 11111111. 139

(13401 35111. (111111111111111. 13491. 1333). iii-iii (111111.
1. 31111.,1111. 11 Rom. 1. 111 111111 811111. 1349). iii—259
(Ludw. 1. 111111. 1. 11111. 1350). 11111. (1111. 1.1111111.1.Β11111.
111111111111111111111111111111111111
1661111111. d. 111111, 111. Brand. 13191. 169 11. (1374). iil—iiii

(Elisabeth, 61111111 111 11. 1111111. 1., 1. 11111 6111111111111,
111111, 1111111111. Fridr. 14341]

(omitt.) codex diplomaticus, 11111111 111 1111111111 1. 81111111 111
111. 1111. 111111 1111111111 (111111111111111111111111111111111111111111
6111131111 11111 11111 1111111111111 1111111111 1111111111 11111 1111111
11111111 u. 6111111111 11111111. 11111111. 1159.

[(111. dipl. p. 439 (0111 oi Hermann. 111111.11οΒ11111.13001 44511.
(Agnes Marehgr. 1. 1111111111. d. 111111 z. Lantzporg. 1341144911.
63110111161116 19111911111111111111111
11111, (11111111, 11111111, 111111111111111. 1314). 111 11.
(Agnes iiargr. 1. Brand. 1333). 461 (11. Heinr. v. Brund. 1347). 471
-4111111 11111111 11111111. 3111111111.) 569 (1111111111 gei.

iiarg . 1Ἦ11111. 1535). 669 (11111111. 1111111111. epizo. 11431. 611
gn 1111. March. Brand. 1413). 63411. (1444). 1111111111 1111111

111111. 1611111111. 1111111111 11.]

(1111111111 6111111111 de Gella Veteri, Ditionis 11 311111111111111111111·
clyto quondam Gistorciensis Ordinis 1111111111, 11 1111111111111
1111111111 conditorio. 111. Drasdea. (1793). 4.

[pig. 14(611111111111111. 1163136, 67, 39, 96, 94 (01111111111

0111111111, 1111, 6111111111 1111 61111111111111611111. 111 611111
1111111111, 1111111111 gunituig: 111111 111111111111111111111111
1111113111111111 111116111111811111, 11 1111 111111111111, 111
111111111111111611111111111 1111111111,1111111111, 11111 11111 1111111111
genien 61111111, 11111111. 1111111111111, 1. 11111 6111111111 11111. 1111
111 1111111111 1111111111 11111111111111111111111, 11111 111111 1111111
111 6111111111, 1111111111111111111111111111111111, 1. 1111111 1111111
11111111111111111111. 111111. 1764. i

[1111 11111. 1111 1111111111. - p. 111111. (Ξ11111111111. 1. 111111. 1111111.
{giiiiifflih'siiiiissl 1111111940( ‘t‘ Μ’ mm mm

ῠῡῐθίῖῑῑ. Bt· (1111., 1. 11. 11. 111111, 1111111 111611111111111111111.
111111. 1. 161. 113ο-·31. 6 111.

ἕω. 1. Θ. 311 11. (111111. 11. 31111. xiv. 1. 611111. 1. 1111. 3111111
υ1ἒ1τ1ἓ1ηδ1ε311111 1. 11311. 1676. 11111 11. 611111. 161111. 1611.

6111111111, corp. 111. (ient. 11111111. 1111111191 11111111161111111.
6111111161. 2. 11. 1-9. 1. 1111 ὗ. 141 11.

[31 611111 1. ξ1. 1657-1116. 1111. 6. iiii-659. 666-661. 663 1 .
663-666. 666 11. ’1 15-729. iii-797. 797 fg. 798. ilai-1142. 114.
ἑὲἳῗῖηω. imo-lm 1366-1371. 1372-1316. 1813-1631). 2039·-

91111111, 111. Sat.. 6111111 Jun's publici 6. 11. 11111111131111111. 111·
3

 

