373 · 1111111111.

1111111, 1., 1111111111111. 1111111 1111111111. 111111111161111111
1111).1.111111ι11.1111111111111111. 1111. (1111111. 1133-1330.
Q 111. 1111111111111.

11. 1: . 331 11111111. 111 1110). 11. 31 1. 1111. 111. 337 p. 371
hum. (Spubw. 1. 11. 1333 . 3. 11111.111.111.ρ.111-111 11111111.
1111) 11 1· 111111 ’1181111111181’1“1191)”14151131)(ὓ111ῗῗ1111
(11 111. 1. 11. 1733)]

Q. 111111 1111111111 1111111111 (1 1737. 111. 11111113 11111111 111
111111. 6111111111111. 3. 110 11.) 11111111 11111111 111111111111111,
ἒοαυᾶε11111114111118ἕ111111111111111 11111111 111 1111 1111111 1111111. 30111.

1111111111 1 11ῠ1. Q XIII-{XVI 1. 1111. 1. 11. 4. tQIi lx-xn
1....’,.·’11“.ῑ. 1111-1..1311111111.111.1111
(3 111111 1. 1111. 1111. 113311111 1. LIV g 11, 1. 1111. 11. u.
111 111111111. 1171). LXI ἑ1136). Lxx 11. (Q 1. 1111111111. 311111.
1431). 1111. 1. 11. I. . XXV 1111111331]

1111111111, 1111111111. mod. 1111 p. 113. 303. 111. 1111 Q 33 111.
1. 11111, II. 11., 111111 11111111. 1.11111111111111111111111111111111.
1111111111. 1333111.) 11. 3 (1341).

[1, 11111 V. 1111111111111111 111111111111, 111 1111 11111111 11111111
111 Dr. 111111 (1111111111111111 1111 11111111 1111111. 1111 3 811111 11 111
111. 1111111 111 1111111 , 133 1111, 1. 3. 1333-1734,111 1111111111
811111111111111. 11111 11111111 1111. Bu 11111 111111111111111111
1911111111Μῖιέ 'Isffifiss‘ffi 11111 111ῗὸ -11111 1191122111241111111
111. 111. 1111111. 1111.) 111 111] ”””

ma, 0011111111 1111111111. 111. 11111 Q 131 11.
[Τ. 1. p. 31. 303 11. 343 11. 331. 333 11. 363 11. 311 111. 371 11.]

11. 1. 1. 111111.) 11111111 1111111111 111 1111111111 8111111111111111111111

1191111111111 1111 1111111111111111 1111113111. 3111. 1111111111.

[11. 2: 1. 11-1111111111. 11111. 1111). 11-11. 111-11 1111111·

1111 11111 111 1111111111111
11111111 11111 111111111111111111111. 17031317 (1737)]

(W)- (11· 1111111.) 1111111111 1111111111 111111111111111111111, &tirte-

ἱ1111111 ι117.611111411111111 1.(11111111111 111 111111. 1111111111 11. 3111111.
II· · ·

[11. 1. Q 101 (11111111. 13031]

1111111111, 1111. II. (1111101, 11111), 0111111311111111111. 1111111
111111 1111111111 111 111111111111, 1111 11111 111 111111111111111111 111111
111, 1111 1111111 11 1111 111111111111 11111111111111111, 1111 1111 1111111

3111111 1111, 111 11111 1111111, 11111111 1111111111 111111 1111111111 1111·
11111111 11111111111111111 1111111111 11111 1111111111111111 1111111111

(Istum 1111111111 ¹⁸· 1111111111, 11111 111111 1111111111 111111111811111 111
111111111111011111111 1111 11111111111 111111-11111111111.1111111”11ι

1111161111111111111 1111 11111 1111111111), u. 1111111111 1111111111

1111. 1731). 33-10. Ill—21⁴ 11111111 1111·

 

