iii. 97779779. 919

Q. 196-799. 991. Q. 94-96. 9997. 977 997. 9. 997177 977197 9177177
6.9.919 wi. 979ὓ11977197777797117 6..71-74 9997. 97913197
9991977177799994.-91999979797179979θ777177997977
91171979979979.θ791.(1.9159-766.θ79971177999717799.θ997
9. 9197977979. 9719. 91796Η167-166]

9. nulii), 9., 997979. 979 9177997. 6177179 177 17. 379 9979. 7711 979799 θα·
9179779 799 979 979 7977 (97979 799 9911971779 979 1977977 9979. 9θ97·
isirin. 1696-39.

[iii. 9 7719919 11719.; 991. 799 θ9. 1. Q. 67. 91777. 9.]
volumen inscriptum (799 91997991919911999. 99 91779797 1977 97111777 79
7797777117971. 191197197919. 1691-96. 4.
[997719 47 1177177997 9. 9979797 971119997939971999
9997779771, Q. 9. Q, 397 9979791917 97179719 9911971779 9761977977
(9977997979 997 θ77779779979. 99771919779997. iiiii 7719917779777 9777779
997977 9 1999779919977 9 97777179 197979 θ71179 777. θ771 1691. (7961

ἓ. Dispositio (9799777779) 97999979. 979797. Β911919. 7. 16. San. 1996·
879177971789 111ῗ19191ἓ77ὓ71819α9τ911768177ῗ ἐξ agniti? 911911, 1191716199ἱὶ

{itigli'rurtunffi ὲ771930 4711] 979977 9777 9179979991199111919 7177, 77719·

1977777777 limitaneus 77997797,991997199779779791179779797798977977
717. 71 Suam 8777991797777 11177177717777 Bnndenbutgicam 717. Statim Ao.
uncini. conventum 771. 817979191101711111.

197971177917979 97999977 87179799 9911177177, 9177197797 977 θ7799779779,
9. 91911199 9911197177, 9979977977, 9977 917 391199979777799177967797.
1917971666. 4.

917991779977917997, 7771797 99197977 1177997179919 θ1197177 9. 97779777
97779 9. 9197199779 19991979 9911197177 997 91779979 777 96. 919711 7679. 99
iiim 77 977 thee, 7. 797 99391. 1679. 99 9199719779 7999799171 7977977.
(91999. 1619. 4.

99797 9. 9177797799799997 9979979919, 9797799777 9179 7. 9177777797. 1679.
(79 Q). 4. 9997999917 719 6797719777 979 9779777 9977997977 79 979 iii
799 9. &timim 9. 99. Suu. 1674. (3 Q.) 4.

Qtnijt, 91. 9, mie 917979. 977 979 7. 9717797197799 979 97797799797179179
97179799 1999197177 997 9979779979 97 977 θ91977, 779 977 6997917 9779191·
777 9. 799977 379717 91799177 9. Qt 9977779, 796 7799971197977ὓ971177
9779799. meri. 1699. (174 Q.)

9117197977 71977 799799179797 1177979ἓ7 977 6719777979 97799779779. thufi.

Qtuatei 7799 9179779979179 979977 9917 977 997117. Q 179-177
St. 9911971777ι 9 979 197. θ79797. 11977- huit 1711777 do 9797171797 (1991179797 de
Brundebourg‚ 7979779979 17 grand 91779797, 7777 77799777 par 17 Bar. (17
99777771. Brux. 1996. -· 9. Ρ99777717717. 7. ὓς 19 9. 979. 7911697·
7177997777 de la 97177 (1711199997 7979 997999 91177. Ρ77777. Europae (991
79777 Q 69) 9 979199. 9171799 9779177) (991. 7977 Q. 76 99.); (97977779

’77917799 797777971979777..ι 9. 97797799791977 976977 97777917 97799719 ’907979 9. ‘iutu-
etv& ί989ι 9 Q 1’“ ι’9177 (79777779997997711779979 977777 9719799719770

 

