fflpmm m

{W 11111ἲ11. 111 11111Θ111111 1ῗέ 1111111111 1111111111 1111111111.
11111111.11111111.1111111111111111111111111
111111. 11111111111,111111.111111 1.1111111111,11111111 1. 111111,
81111111111111111,1111,1111111111,1111111111ῧ1111111,
111111111111111111111,111ῦ111111111111111111, 1111111111·
&23:32&22¹2313¹:3552‘p232w335p0552&{2131
1111111111.ς Ι11111111 ξ 1111111 111111 8111111111 111 111. 1. 6. alus). 11111
1111111 1111 11111 11111111, 11111111. 111 1. 111 11111111.. 11111111]

811111, 111. 81, 1111111111111 11111111 111 1111111111 111 111111 11111111
11111111 111111111111111111. 1. 11. 1111111. 1333. 111111. (ὃ. 111.
1. 8111111111 1. 11111113 1111111111 1633. XL ὕ. 31 111.

[1. 35 11111. 1111111111. 111111111111 1. 1096-1114 (11111111 1. 111111.
111 11111 11111111 1..1;11111111111 u. 1111111 1111 111111111111111111
11111; 1 1111, p. 31, 11111111 ρ1111 111111111111111111111; 11731111 1111
1111111. 11111. 1369 11111111 111111111111.) 111-133. 11 1. 1611111.
11111111311111. 1111161311111111τιῦ11111ι 1111111111
1811111 1111. 11111. 1. 1101-1341. p. 113-147. 3. 151 11111. 111
’ 111111111111111111111111. 11181111 ’1. 1141 -1131 (p. 173 1111111111 111
Ε11111111 1. 1111111111. 1. 1 111. 111111111111. 1455ς 111331.
196 1111111111111 111111111111111111 p. 137 8111111111 111 111111.
11111111ς p. 166 1111 1111111111111111 111. 1. 1111111 1. 1111111111 111
1131ς 11111 111 111 1111111111111111111111111111111111ᾧ11111-170.

1331111111111111111.1111 111111111111 11111 1111111111

1111. 11111. 1. 1190-1690 (p. 133 111 11111111 1111 111 1111 111 311111.
8111111 11 1. 11111111. 11173-196. 511 111 11111111. 1111111 1. 111

1111 111 1. 3111111 1111. 11111. 11191-1176 1111111111111111111111
1111 111 6111111111 111 111111 p. 3041111. 11. 3111, (1111111 1.1.11.;
p. 311 11. 111 111111111111111 1. 31111111 111 &t 1111111· p. 314
&tutat 11. 111 1111111 1. 1111111111111111111. 11.). p. 111-4431

wrm, 11111, Codex diplomaticus Brandonburgonsis. 6111111111 111
1111111111, 1111111111 1.11111111111111111111111111 1111 111 1111111111 111
111111 111111111111 111111111111111. 111111111311111111111111·
1111111 11111111111111116111111111 111 11111111 1. 1111111111 11111
111111 1111111 1411111. (1. 111. 16. 111111 1. 1111111. iud> 111111.
titel: ,111111111111111111111111 6111111111, 111 11111111 1111111111, 11 1111
111 &tante 1. 1111111 111 111111 111111111111. 1.-16.111. 1501110,
mmmmmwfflQQffimmmwm
1038-1859. 11. 4. -· Φ. 1. 11111111. 1111 1111111111 ,utiunbew
6111111111 111 (1111111111 111 111111111111111111111111 1111111111111
1111111 1. 11111 111111111,11111111111 11 1111111111 1111111111, 1111111,
1111111111111111111111, 1111111111111111111,1111111111, 11111111, 111
11111111, 111111, 31111111111111111, 1111111111, 1111111111, 11111111,
1311111111, 111111, 1111111111, 111111, 11111111, 1111111, 1111111111, 11111,
11111111. 111111 111111. 61111 1500, 101540, 5011011, 531). 1111111.
lua-1858. 11. 4.

[11111111 1111, 111 11111 1111 nient 1111111111, 111111 1111 111 3111111111
1111111111* 1111111111 111111111311111’1111 11111

 

