1111111111

11101111166111.6111161111490.6.101-164.1111,1.1616,
6100-101 1111, 1. 1646. 6 606 6111111111111111811111 161111
1716. 6. 104111 6111111. 111 11111. 6111111116 111111111111 Q. 106:
61111611111111116.]16-117;6111.11111111111111161131111111.
1331131311-1131. 3111113113. 1311313111 1311.
617111.. 611.11111111.1111131111111111,160116 6411, 96, ,
111- 161, 174-177111111111111611.-Ῑ11,61;616-63. 111
111111.1,1161«1111.6.1111.;161.1 1116611111141.11..1
11116111111611111111111111111111.1110.111. 91111
111 1311161111 111111. 33311111 ,311331 1644 1111. 16. 111111111113111111
6111111111 111 61111. 111 113113611111111111.116111111113 1194
-1614111111111111111163.1614,11111116111111161111111111
{cripte 11611111311111 6116111111 116 13 1,614, 111111 11111111 611111
111 11111111111ᾶ1111133111, 1111 11131111111111111111111111111
1111161111111111.1111611111 1111111111 116 111111, 6111111111.
1111111. 111 1111111111. 16134· 1111. 13 1111111111111111111.116611,
111171Ι1113111111111111 6111. 1. 1111111111. 1.· ‚stup 1411111111111.
11

1. 1111111, 11111161111111111111611111111111,1161111111111.
1111111111111111111111 1111111111111111..1111111, 1767. 1. (466.)
[Q. 66, 16-46 (6 11111, 11, 1311-1161).]
6111111116111111.1111111.11111,11161111111111111
111111161111111.1611111. ’

[111111 111 6111. 11161, 1111111111111 111111 11146 111111, 61
111111ἑ1α111β11161111.3,1190-1666(111[11111111.3.1661),111

6111111111, 11.1.,16111111111111111111111111111161111116111111111111
111 1111111111, 1111111611111311111 1111611111. 1764. 4. (76 6.)

[61111-111111111. 11-11.1111.1111.11-11111111

36 11. 1111. 1111 (11111 111 1111111111) 614]
111111 111 111111111111111111111111161161111 111111111111111.11111116
11ἒδ11ὲ1191711116 Novus 1111111111111. 1311υά111111,1.,1111111.

111111611111111111111(11116111111111111111111,61111611111111·
1111111.1111611111113111116111111. 6. 116-1-16), 111111111111111

1111111111,111111111111111 111 1111111111116 111111111111111111 111116 put
1111111111. 1111111111. 1666. .
[11111111 1111111111 111 61111. 116 1. muta 1. Q]

1). 6111111111 Qud). 1111111111 11 811, (160111.) 11 111 1111111111 116
1111111111 1111161111, 1111111111 ,1111111111111 1111611111 111
111111111 u. 111111611111111111111 1111116111111111111
11111111 11111 111111111111 1111111 1111 1111111111 1111.
11111111 1111111111, Consul Wilsenacensie 1111 temporis 11111111ρί·
111111 scribebat 10111111] Anno 1608‘ 61111111161111111111111111.
Brundenb. 1. 1111111. 111. 1, p. 167-169,

1116 Qud) 111 1111111116 1111 11111116 1111 1,111111111,11ἓ 11111 1111
1111111 ,111111 1111111111 66 1111111111111311111111116 1116 11116
611111161.11116111“111111,1111111111111113111661111111111111.

1111111161. 3,1414,1.1)3111111111113311 1, 61111111111111 8.

 

