6111111111. 116

1111111111) p. 131-111; 1.1360 (6111111. 1. 991,). .413; 111666
(111 ἢῦ11111183111111111 mit 1111111111, 111 6161111111 9. 1111117. .
(1406 [p. 6111111111 71111111 111; 61. 1. 61111111.1.306; 1. 1. ut.
399& 111414ἕὶ 31111911Ἠῇτῇ 312 ῗ1116111131611111εἷιῗ 1'919413'
. 4'97 11.; 1Ϊ 1111111111. 1111. 1011111111 (1310). p. 411. - 111, 61111
fen: 31111111111111111. 6111. {Bona} (1263) 1. 1111111111 (1301).
16.“16.61’.16616ῑ36111 16616116 9999:
(1131). p. 43311. 360 11· 1111111111 11111111 1111111111 1. 1. p. 64,116,
36161616136631-16166666 ³⁰⁵'
999, 116 9322‘13, 4110441, 9¹9⁸, 949,¹29⁶9,p999'; 11111 p.'19¹0⁸,' ἓξὲξ
111, 111, 111, 111, 999, 161,161,616 11. 61111. 1111116111 6111.
1111111 1. 11. (1311). p. 469. 611. 1. 111111. 11469. (111. 13111611
11111111, 120303611ίὶ gt. nfitssffssm‘gip' ἑῇ, 4663 011. 1. ί61111111
10133710. 216. 111 1.· 3111111111. ξ) 1111 11, {lg ι11.,“4ε31τ1ῗ“1τ.,’6111 ¹12⁰
Gt. 9. 111111111111. p. 109, 116 1.,166 (1., 461. magunum.
.131171; 611111(111111.).ρ.1161.;6111116111. ,131 11111·
ε1111111611111111. p. 111, 631-639. ὲ11111 1. 631111111111111111.
p. 16611. - 1111111111 9199. 111111111 2 9999. 9919. 1. 111.
(1110 ιι. 1111), p. 991 1. 161. 61111. 11111111 1111111. 11111. 1111·
11111111 (1103). p. 346 (1., 61111111 (1. S. 11. 1166). p. 116 11. 1. 661,
Romaim (11731. 1161). p. 66-66, 1111111111 1307 u. 131111. 116
11. 161, 611111. (1311 1. 1336). p. 3001146411, 111111 (1361 1. 1361 .
p. 416 1. 43, 1111111111 (1400). p. 469 11· 1111111111 111 3111111 1. .
p. 116 1.34311.,611111111 1. 111. (1111111. 1. 111. (11111 111111 1. 111.
111·311111811611116.1311,513161111’6113ῑ16
,416 1. 616 111 61111 p. 14, 47, 66, 63, 163, 303, 306, 626, 634(
1111. ρ. 11, 11, 11, 61, 1416, 11,116,111,114,111,111, 919, 999,
341, 343, 999 11, 357, 403, 406, 439, 440, 443, 444, 451, 463, 464,
431, 611 11, 631, 633, 634; 1111111111.1.43.;ὓ111111111.ρ. 11,
66, 11, 46, 16, 46, 41, 41, 99, 119, 911, 110, 111 11, 161, 16111..
11111111, 141 (1., 161, 991, 999, 990, 11111111, 999, 991, 411,
46211, 611 11, 632, 641, 643, 644; 111111πέ1111111. 13, 11, 69,
90, 99, 999, 999, 111, 911, 614, 416, 411, 1 o, 441, 461, 461, 461,
466, 460, 616, 630, 631, 644, 646. - 919 0111111 1111 61111111 1.
6. (1161 111163). p. 113 1116611. 1 1. 111 61. 111111 1. 111
16111 1. 6. (1116ἐ. p. 13. - 1 11111111. 61611111311111 1. 111111
(1396). p. 106- 11111111 1111111.1.1111111111(131111. 1320). ,410
11. 409. 1111111411 11111111 111 1. 1111111111, 111111 111 1111163
1111111111 1. 611111111111111111

Omnino, 99. 8.. 8919111 1. 61111111111111, 1111611. (111111. 111 11111111·
111 111 11111111 111111. 6111116111. 1. 3. 111. 6111161111. 1611.
(mlv 11616.) 611111614. 4.

[111111 600 1111111111(11,111 11111 111111. 11111. 11111116 (111 111 611111
11331133.6111131111111313133111113333
3131111111 611, 3116161111111111111111·
(1 1111), 1999 (9 11611114 (6 1111111166 (6 1111,),1161 (61111),
1666611116.1361161116 6· 661661

W*

 

