111. 61111111. 131

1111111111,111.11., 611 61. ς11111111111111 111811111. 1111111. 1631.
[1111. 1. 1169 (1111. 1. 1111111111.) 6. 301. 10. 6111111. 1. 11111111
111111 11 1. ς111111 111111 1. 1111111111 1714. 6. 31 (1]

(1. 11111.) 1111111111 11111111 6111111, 111111 111 111 6111111111,

1111111 11 111 1111111111 1111111, (11111111, 31111111 1111. 1111111111
1111111 11111. 61111111. 1741. 4. 1111 6. 94.

611111, 311. (1111),, chronicon Beltizenso, 1111 61111111 61111111,
1111 1111111111 1111111111, ι. 111) 1111111111 Edition 111 61111111
6111111111 1111111111111 1. 111111111111111111111. 11111111, 1741. 4.
(ἓξὲξ-43 (1341). 14(1.161ῃ19(1117). 70-74 (611111) 1. 1611). 74 (1.

61111111. 111 61111111. 1. 111111.) 119-137 (1166). 119-142
1711). 111-111 (1111). 141-111 (6111111). - 111-111 (111111.
ffltgffgn ἓὲθῠῑῖὒῗιη. 111-111 (1411). 111-171 (11111. f. 1. 6111

811111, 9111111111. 111 1111111111 11111111 1. 111 1111111111111 111
111 11111111 111 11( 111 11111111 811111 111 1111111111 1. 1111111111 11111
(111111111111111111 1111111111. 1111111111111111. 31111111. 1637-39.
1 111111 (1141. 111 6.).

[1. 1111111 611. 11111111 6. 66-77 (1111111. 1. 611111. 111111·
1111, 1.1136-1311).91 11.)

Diale, 611, 1611111111111111 1111 11111111111111111 111 11111 1111111111
1111111111111111111 1111111111 111 6111 11111111111111111111111·
’ 1111111111. 1749-1113, 4. 1111. 11111111. 1111111111.

ἕ. 11111111 1111 1111111111 1111111111 1111111111ίὲ 11111 1111111111 1.
11111111 111 61( ..1111111111111 11111 11111111 111 1111111111.
(1111111111 11111 11111111 111 1111111111611111111111111 111111 111·
1111.61111(1111111,11111111 . 1113, 1. 111 11111 611111, 11111111
1111 , 1. 1643-46 3111111111 111 11111111111111,1111111111111

1111 111111. 61. ς111111 11111111, 11111. 111111). 6111(111.-1111.611ι
(1141 ξ1161]’1 1111111111 (11 111 1111 11111111 1. 6111111111111. 13. 6. 411
1. 11111, 6111111111 11111111111111111131111111111. 1. 11. 11111

1111111111. 1713. 6. 2ο.

1811111, 11. 11. 11, (111)(11111111111111111111 111 611111111111. 111
11ἑ14011111ῐτῐ11ἑι.111(11ἐ4(1ῧ61)1.) 111111. (111. 1. 111. 11). 11111111). 11111111.

[11111111 (6. 67-114) 1111111 111 4 1111111111 11111. 111 61. 111111
1111111 (111 1113. 649. 1176, 1911, 1431) 11 (11111111111111111.
1111111111 11 111 111111111111111111 611111111111111111 (611 (1. 64.
69. 73 (1.) 1. 111. 3111111111 (6. 37 (1. 31. 40. 61 11. 61 (1. 69. 91 (1]
1111111, 111. 111, 6117111111 1116111 11111111111111111111111 111 111
(11111111 111 11( 111 11111111 311111. 11111 1111111111 1116111111611111
mg) 1. 1111111 1111111111 1. 11111111111111111111. 1111111111141.

[6.19-41.11-37.161(1.17111. 133-347 (1. 111 (111111 1. 111111·
1. 61.). - (3111111111) 71. 341]

 

