1111111111. 29

111111111111111111111111111 1111111. &t 1833. ΧΠ. ὅ. 81-111. 1.
1. 1. 81111111 11 1. 11. 11111111. 1111111 1111111111111 111 11161 13311.

ε. 111111.

[111. 1111111111 1111 111 111111111111111 11111111. 1. 1111111111 (11111111
111 11 18641111) 11111 111 111 11111111111111111111111,1111111 1111111
1111 11111111. 1111111111, 111111 111 3111111ώέ11111ιὸ 1111111111 ι11111111
3? {tilebr‘elcgetnffffiraetff geg 1τ1ῗ11111, 1111111 111 1111 1111 11111111.
1111111111, 1111111 111 11111 11 111111 11 6111111 11111 11 1111111111
11111111111111111311111111111
111 6111111111 111 111111 111111111111, 11111111 3. 1100 111111111
11111111 11111111 11111111111111111111 ’1111Ῐὲ11
.1111111111ὀ1,811111111111 u. 3111, 111111111111111111111Λῆἶ
Ε1. (111111 u. 111 1111111111111111111111, (11111111, 11111 111
111111, 11111111111, 1111111111111, 3111111111, 1111111111,
1111111111.111111; 111111 1111111111111111111111 111. 111 1111111111 111
min, 111 311111 11111111, 11111111111111111111111111111. 1111111·
11111 111111 1111 11 11111111111111111 11111111111111111111111, (1111·
111111111111, 1111111.111111111,11111111.1111111. 111111
111111111111111111, 111111 111. 111 1111111111 1111111. 111111. 111 &t

(Btefflnfl) Urkunden·Ropertorium (111 1111111111 1111111111111. 1111111. 11
811, 111. Boruss. Pol. 411, 1111. 311111111111111. 1. 11111111.

11111 (1111111111 11111111111111111ῦ111111. 111, 1111 111 111 1111111118
’1111111111111111111 Brundenb. 1111 111 1. 1111111. 1111111111 111
11111111 11 111 111 1111111 111. 111 1113111 1111111111. 111 111111 14,
111111 1111111 111111 11111 111111111 1111111111 1111, 111 111111 1111111111
1111113111111111ἕ11ἷ1ῗ111111111111111ἒέ311ἓὶἓῖ
111111111111111111., 1111 11111 11111111. 1111111111 1111 (neuim 111111.
1. 81111111. 1111111 11111111 1111111 1.11.; 111111111111111311-
thim: 11111 1111111111. 11111, (11111111’111111.)111111,). 111111141111111 .
1111111111 Cod. diplom. Brundenb. 111111. 311 (1111111 11111 1111 111.
11131111. 1138-1618. 35111111111111111111, 1111, 1. 11111 111. 111
3. 1233-11991 41 1111111111. 11301 81111111. 11991 4111111111. 1. 3ἰ
ἔῧρλρῐῇωέξ. 1211143ῗῖ1 wit? gmlffilb2lgssgtrssffl’1ilbzlffltffbtgmlffi
1336: 13 11111 ub. 1337: 14111111 11113311 131111 111. 1340: 1111111
11. 1³41: 1311111; 11. 11111 611111 11. 11111 1111111 11. 11111
61111), 111. 1. 3. 1400-1499; 13 11111 (111. 1455: 6 3111111100
-15962 1311111, 111, 1813 1. 1113. §Dic 1111. 13. 11381111111111111
111111. 1111111111 111 3111111 111 11111 811111 1,111 11111111. (1. 3.
111111331113·31111111..1311 11111111ἔὲ
111 111111 1111111111 1111 1111111. 1111111111111113111,1111 11111111
111 1111111111 111111111111111 1111 111 3111111, 11111 11111111 11111 111
&telle 11 1111Ε111111111111, 111 111 111111111111111111111. 111 11
111 11111111111111 1111 11ἐ11111 1111111111 11111111 1111 11111111
31θῖἷέ 11101ῗέ 911115ῧὲ u Ῐ 11ῐ1α1α,ω1’11’11,ι 111111, lgffib(3t¹t.ui-b),m1tafas'
(811. 1, 1111, 1411, 11111111. ι), 14³1 1811. 1), 1411, 1113111111,
1415 1 . 1, 3, 1), 11141 - 1111111111 111 11111. 1. 3. 1141 (1111

111

 

