’11 155111.

11111111. 1111156111115. 1195. 801. (11111. 114 ὅ.) 1511111151111
11551111.1111151111111111111115 51111111 1111 11 11111 (11111151, 11115111

151. 55, 11111111115111116511111 11111111. 11111113551111111115111111
(11111151. 1. 1111111, 11. 1115111 Nr. 1 114. -1111.1,111 11111111111111 111 811.

1115 Β), 1111 1. 1111111τί111 ,1111111111111 11111 111111111,1111111
111118111111111 111 95111111111151151151 Pomorum, 111 “
1111115151, 11111115, 511 Δο.1315-1595.’ 11111 111111111511111·
1111115115 111111, 511 155 111111111111111115., 1111111 5111111111 111111 1511 ,
1. ξς. 1595, 1111111 151 1111. 11111. 11111111, 11111 9 111115115111 511 1. ξς. ,
1595,1111111 15111111 5111 1111111 1111111111 5111111111. 5111111111, 111 111
11111111. 111111111. 11111111, 1. 11. 1. 1415 1 11111 111111, 1. 1411, 150111. ’
1511 1 11111. 1111111, 1. 1511 1 1111111111, 1. 1515 1 1111. 11111, 1. 15191

11111. 511111, 1. 1559, 1. 1541 1 1111. 1111111, 1, 1541 1 1111. 111111, 1. 1544,

1549, 1. 15551 11111. 1111111,1555, 15541. 1. 11. 111111 115111111111111111.
11111111 1111 111111 auf 111 11511111111. 1111111111. - 111. 4, 1111111115
11111111111511. 1114 Θ), mit 1111111111 ,1111111111111 11111 1111
11111115 111 1. Tomi Oodio. diplom. 115 111. 1115151. 1511111511.
111111 111 1315 111111.” 11111 1111111115.111111111111.441-1411 51.

1. 3. 1115-1515; 11 1111111111 11111 111111111131111111. 111 Ε. 1-91 111 «
&nbc 111 1111111111 Num. 1111111111111111. 1111 151 1111111111.

[Θ1111 11111 111 5111 1111111 11111. 11115 111111 111 111511 1115111111
1111 (1.1. 111111 11111111. 1. 1115111111, 1111. 1. 111511111. 11.
1151111.,111 551111. 1. 1111115 5. 11111111, 111 1111111511, 111
&h 11111111, 151151111 5.1.111.,1)1111151 1. 155511151111.
55511555555515555,5555155
5Μ5555μω551511η5555
Λωῶωηηηῦημωβ515555μω,
5η5515μ55515555μω55
Ἤπεῶμωεπμωῦωμωῦημω,
15155155551555515155151
5515η55551555515η5555. 1
15555155551555515555155 .
11ω5515555μωῶ5155551ω5 -
&MfflmQffiffiQQmeQQffiMQR ,
15555155551515515555155
55555μω5515555μω55155 ’
5. 551. 1511, 5. 1τὲ 1545, 5151. 1551, 5. 19. 1. 1551, 5. 55.
15ωωωω.πμω55μωωω55 ·
1Μ55Μ55551Μ55η55ω51 a
1555η555ω1ωη555ω1ωω55 1
θωμωῶωμωῦωΛωωω1ω5 ,
1519) 5. 111111 11. 1. 1. 1111111. ὒ1111 111 111. 111 11111111, 1111111111
1111115111. 1.1.ὓ11,51111.1.65111511,(111111, (1111111551, o· ’-
1111111111. (11151111, 1161111111115111,1111111111, αι -Ι
1111511111, 111111, 511111, 111 111111. 115111151111111 11. 111151.
55515ωμω555155555555ω55 j
555555555555555555 j
555555555555555555 f
wfflfflfflffifflfflfflmmffiffiwmwmwm 1
1111, 111111 11111. 1. 1111111 1. 11111111 1111. ὕ. 15, 15, 15, 1111111111. 1

’1

 

