410 1111111111.

11111111 1ο 1111111. 8111111111 111111111111111111 111 11111111. 1111111.
11111111111111111111.11113. 1141-1578, 11111111. 11111111, 111111
11, 111 3 1111111 1111111. &breim 111 11111149113101141111111
111 11111111 1111. muffet 11111111, 111 111111111111111111, 1111111111
1111111’11111111ῗῖ1111111111111111111111111111
11111111111111111511111111111111
11111111111111111-1111111111 11111111111111
1111111111111111131111111111111111111111’111111ζ
11111 1111 1111111 111111111111111111 1. 1111111111111111111111111, 1111
1111111111.111111111111111 1111111111111 1111 11111111. 1111
111. 151 1111111 - 1111111 111111111111111 11111111111111111 ,(1111
11111 11111 11111111 1111 1111111111, 111111 1111111111
111111131111111111111111111111111111133111
11111111111111111111111111111111,11111111 1111111111 u·
11111111 11111, 11111 11111111 1111111 111111 11 &toto 1111111 111111
,1111111111 11111111 111 11111 1111111111113111111
1111111111 111 1111111131ξεῖ. 11111 1111111111 111
11111111111111. 11111111. 1611. 1111111 1 1111. 1111 1. 1111111111111
,1111111111111111111111111111111111111111 111111111ὓ1ι
1111111111111111111111111111111113111111111111111
11111 11111111111 1111111111”, 1111111 11111 1111 1111111
1111111111111111οῆΙ 111111 11111 111111 111111111.” 111111
1111111. 1611111111 1111111. 111111 1, 111 111 1111111311111 11111111111,

11111111111111111111111111111,11111111111111111111111

111111111111111113111111111 111111 1 1111 111 aab·

11111111111111111111111111111111111111 1111111111 bes

11111. 11111111 1111111 11111 1111111111 1311. 31111111

ι1ςῖ1ῐ14.ῃξ111,11ὃ 161111 1111 111111 11111. 11111 11111111111111111111 111
111 11 11.

1111111111111111 111111111111111111, 1 1111111 11111111111111111111 XX.
111. 1119, 111 1111111. 11111111 1. 1111111 1 111. 11111111, 1111 1111111111
61111111 11111111111111, 1111111 11111111111111111111111 111 &italiam
111 111111111111111. 1111. 1111111111 11111111 11111111. 1111111111
1111111111 ὅ. 11 1. 111111111111 111. 11. (1111111111111111 Ε. 410.
696.

1311. 11111. 11111111, 111 11111111 1111111, 1. 1694-1710. 11111111.

. &ciffi 1. 1111111111 1 1110. 1 1111111111 1111111116111111111111

1111 1111111111 11111111. 11111, 11111 1111111111111 1111 &tostin 111
111111· 9¹² 11111 1111”1111111111111111111111111
1111η111υέῗ111111ξ11111111. 11. 1111111111 111111 1111111111 11111111.
[11111111 111 ott, 111 111 ὓ1111111 111. {Der 11111111111111111111111

111 1111111111111 originale extat in 11111111 ducali 8111111111]

311. 111. 1111111111 (1111. 111111111111, 311. 11111111111111111.
611111. 1111.) 11111111111111. (890 5.) 1111111. 1111111111. 11 1. 111111
1111111111 1111111 1. 61111111.

1111111111 11111111111111 111 315 111111111, 1111 11111111 3111111·

 

