63131101

gemm 13 Mn, 3. 1111331131 6313111133, 113111, 3311114, 33313,
3113311111111111111313 “·1.1“111’1111 13111311ῗὶ
(δὶΊῗὶὲἒιῐὶἓεὲ) 63111113 313133311131 3131333333. 1. 3311133133.

. 1-12; 2611111, 3. 1209-1632, 11333 313113 133313 ,ῦ1311319ὁ

ᾗ 1111111133. 1343, 311 [cute 3. 33 1329 -ᾱ11111111113ὲ133
333 3. 14. 3331311113, 331 111111 333 3.13.,3 3113 31133313. 1131·
313 313331333333.11313131
11133143311111111 1330111116. 33 fg.) 11111 3. 8. 1673. 3331131111 111 333

33 6. so. 1 331. 3. 3. 1133]

83136, 8. 11., 111313 131313 61113. 63111013 11. 113. (1793). 33. 1 (IX.
S. 341-360: 1³ 63111. 11711. 3. 1261-1351. 331. 6. 19. ff. 11. Q ³22).

83133, 3. (1., 111313 111313 1111311 111113. 6311111113 u. 3. 1311113 ((3133,
3311. 3. 331111. 1331 3. 1314). 33. 1 (11. 3. 31-133. 33113. Documento,
3711111. 3. 1233-1006. 1131. 3311133111 Q, 311 fg. 319. 339. 303 fga.
33613. 333 13. 360133. 363133. 366 1333 13. 2 (ΙΙ. ὗ. 111-176363111.
11113333, 3. 13111111. 3. llas-14⁸⁸)

03131 diplomaticus 81133113. 11133113131331. 6313111313 u. 3113113311
3331311313. 111331. 1337-39. gt. 4. 2 313. 1. Bd. 3133111111 Urkundou
1163 111333313 (1131131113. 11133. v. W. wattenbach (XXII 11. 1316.)
1337. 2. Bd. 333111. d. T.2 Urkunden (1311113113111311131 111111-
nelwitz, 131331111311311. 331111331311113111 (1318111111 11311331.
flag. 1. W. 111113133311.(11ΧΧ111. 212 Q). 1339.

13113131611111111313 1131 Ι)11331.Ρ131.Ῑ).111333 11 Β133131, 1111311111 Dete·
1333111113211131131131311, 3331311131 1111331 13131131 3. 3 33133
111331. 1131. 3. 1111131311. 33313111131113111 3131131331313 1131. 3111113.
313. 3133111133333. 33113. octena. 3131. (zeina. 1359). Ε. 40111. 339.

[111113 6331311313, 331 6 1111111 1111311 313111113111111133 3111 63111
1’.331111111111111*1113111311’.1 113 11313
1133133311, 3333313333 3113. 333 ,3111133 3. 3311 63 1111311 ubet·
1111111111. *1111111111111111111111Ψ 11111111
1313333333 31113333 1113 31113 31131111133613311 (11131113,11113311ι
3. 613333611311),131313 111 ben 1333113 31111333 613 1133311333333 -
ffibgeidy. 31111333 33131 3. 3313111333 311311 31113 3 113313 33113

3131311313, 11131131,1111113313, 1133133133111 11. 1311313 11333333 3133313
3331331333 63111113 333 Anno 1316 big 1605 Juxta seriem 31131111
113113 3133311131 11. 333 33113 1333113 11. 3331331333 3113113131 3333
1131113111. 33113131. 13 413 (4341133111. 6.), 113. Borma. Quart. 1013313.
1133131. 11133313. 1. 311113.

13 91113133111333131111 3111131111

133111 33 61331 3111133.) 29

 

