33 5111191111. 111

91111 11191111-1111111111 11111 11 luuh 11 11 1111111. 11
ἨξῙ-11111Α11-11119111111 11111111 111 11111111 1111111111

911111111111 1111 Τ1111111111111.11111,101111111 11111 1111111111,
111111111111111111, 111- 104(1“111111111111111911111119111,
111 1111111111) 101-111111 11111 1111111111111111 1119111119
11111111-11110111111,1111111Ρ1.111111-1111189111·-1111
1111,111,]11111111. 111-116 10111111 1111111911111111 11
111111111111911111111,111-111(1111 111111111111111
9111111111119111111111,111 1111111110199.(9“1,111111111.
111 Pus 1111 111111, 1111 111,,’ 919111, 1111111119, 911 9111111111).
⁸⁴⁹ 1,,9119191191919191 ,3332 99191Αέ11911,ἒὲ ¹3³²..3
Pr{lon 11111111) Τ. 91 111-1999611116 11 111111111111111
01111 1111 et 1111111 11 11111111111111 ,991111 11 10 111. 1911
(1919911111. 9111111111 (1111111111 (11.9.11191111111ὓ11111111111
1111 91111111 311 111111111111111111111911111111111
11111111,1111911919191(1.61119111119111111. 1114
1111. 61111111111111111111111111 19111111111111,119ι919
91111 (9,,1911111111111 91111,111191111 1111111, 1191111,11111111.
91119111.1.11111111191,119ι111111.,9191111,11119111111119111111,
1911111111,,96111111,11911 911111111111611111111. .]

1111111,1.,111111111 11111111111111111111111,111111111’11111111111
1911111, 111111111ιί1 1191111111111, 11111111, 11 Koch. Oumgo
11911111111111111,1111111111 continudjunqu'nn Gonfftds 11111111
otuu 911111111Ρ11111111, Parin. 1111- 18 159.

[9,1·1).109-106(11111111.,91111611111111111111911,
1141199111-119191111, 1 11911111111,14,311.1144),911-401
(1141). 444- 441 (3313. 3 1111911111, 1311 1144). 4491ἓ1111.
911999999919911919919919 1919199919.9 1991199191, 99999911999919991911. 19999. 9991919999 ,10-

9691919999991191991199998199119999191911919 1999199999 19191199199199991999999919119,
11111, 10- (1111111,1111. 811111, 1 ὓ111111,11111.111111(1111,

1111911111··.,111111111.111111,1.
11111111,111-,11111119111111111111111
911191111111, 1. 9111111111 9 10 911 111919, 1, 1, 91111 1110), 9191
1111111111111111111111111·1111111
11111111111111 11 11 (111111111111111111, 11.
91. 1991111111, 19111 191011. 11 p. 111 (1101), 101 {sm (11011,
999 9 99991199 99 99999969919191999199199999191191991999911111111
111.1,1,1111,111, „ 1, ,1, 11111111. 1111111111
1,.1991119110114101114191941111 (1111,111911.1,,611111
1111 33 333 1111111, 11 11 3 33.
1111191111111111, 1 1111111011191-1411 nbssbienttnttm
111111. u 1111111, 1,11.311,9,11011 141-141(9111111111111111411.
1,9,6Ξ111.1.11.111,11111.1111 111-111 (1111111,
11111 111.111.1,1491111111111111-111.11111.(1.1111111111
11111111,1111111111111111,111111, 111111911-1111111.

 

