6133111111. 109

3. 3113111111(1311-1331).31. (1.1. 1061. 101311. 1093 (1. 1013 (1.
13611. Ῐ11011137-418011 11Ἃ1111η11υ1661111υ11160· Ι111113). 16632111) 3311591111.
belm 131111 (1310-1313). 31. 9 p. 1111 11. 1111. 1111 11. 31. 3.
1311101311. .313; 6311111. 1. 11111111 (136611 6611119.
p. 113111. 1116; 311111. 9. 6111111111 (1371-1411).611.1.1.1933.

1100. 1101 (1. 1113. 31. 3. 1131. 113101. 1011131113 1. 113.
81. 1 11135. 31651136611. p. 660· 91111111 9. 21111111 (1191
..111316111.1111.1111.1111 (1. 1301 11. 1301 11. 1313. 131111.
1329 11. 111 4. .132. 161. 180. 222. 235. 249. 253 257 fg . 297· 31111
1111111 (1111311111. p. 357; 0111111111 1. 11111111 (11764191). Ι111. 9.
p. 1314. 134311. 1317 11, 61.1.1.466; 0111111111 1. 961111 (1613-
1330). 61 4. p. 10110109ος 8111113111 11. 11111111 (1611-33).111.4.
1. 113. 111 166. 110. 111. 131. 131. 311. - 31111111. 611111 1. 6111.
3111111111 1926). 111. 3. (1.1011ς 11111111 (1107 11. 1111) 31. 9. p. 6.
’61. 1. p. 3⁹¹3 2111111111 (11191613 111011ς 21111111 (1139-1130).
31. 1 (1110). . 113. 31. 9. p. 11313. (1133-10). 1. 1011. 1011.
1011. 1013; 1111111 (1111-131311. ,19 (1. 11111· 313 (1101).
p. 10623 91111111(1109).111. 3 p. 1066; ἱ1111111111(1191-1109). 1111
(1199 11. 1109). p. 313416. 9111 (1197). 1111 1111 91111101. 11 111111
(1113-1111131. 1 (1113-31). p. 131. 111. 131. 111. 31. 1 (1911-
11). 111. 1311. 33011. 331 11. 331. 31. 19. 313 (1111-13). 1 1031.
1081. 1069. 1090.211.1(1911).1).1.311; 91111111 1. 3111111111 (1114-
11111. 311 (1110 ιι. 11). ,31 311. 311 (1111). 1. 331. 311
(1953). p. 9ος 1111111111 1.1111111111111(1171-31). 111. 3 (1171-63).
1. 311. 110. 131 (1. 311 (1131). .13; 31111111 (1133 1. 11331
111. 3. p. 671 11. 61. 1. 11.906; 61111111 1. 91111111 (1301). 61. 3.
11.4; 611111111111111111. (1313-1354).’111.1 (1317-11). p. 103411.
1013 11. 1011 11. 1013 (1. 1011. 31. 3 (1313-11),1 1016. 1101. 131.
311. 311. 311 (1313). 11031. 31. 1 (1313-10). p. 160. 616. 131.
110693391616ς 1111311111 9. 6111111111 (1356-63). 31. 9 (1317
11. 3311) 1137. 114011. 1113 (1366). p. 4⁰¹3 (111111 111111111111111
(1313-31). 31111311). p. 1166 (1. 31. 3 (1311-31). 1. 131. 319.
111. 311 (1310).1.131; 1311111 1. 11111111. (1313-1111). 311
(1331). p. 1190. 31. 3 (1333 u. 1100). 1113. 666. 31. 1 (1101-11).
p. 35. 54. 61. 67. 1116 (1399·1417). . 269. 275. 1035. 868. 373. 876.
676. 676. 661. 682. 883. 693; 0111 11. glegenbssln (1419-1411). 61. 2
111101. ,1111 (1. 31.1(1113-11). 1. 111. 139 131. 31. 1 (11101.
p. 2163 1111111111 1. 3111111111 (1130- 63). 1113 (1136). p. 913. ’61.1.
‹1166-61). 1. 133131. 113. 111. 131. 31. 1 (1131 13111. 111.
131. 311. 31111 11111111133-13). 31. 1. (1111). p. 113311. 311
(1133-11).1 113. 113133. 131. 311 (1111111311 3111113 111
Qum (1164—69). 1111. 4 (1404-69). p. 373. 486 615 (1164
ιι. 63). p. 1066. 3153 31111 1011111111 (1906). 1111. 4. p. 1111111
91111111 1. 16τεί11111311 (1636). ibid. ,610 6111111 1. 9111111111) (1611
-131111 p. 749. 155. 756. 763; 111111. 6111111. 1. 6611111 (1616-31).
11. ,111 111. 131. 131· 1111111 1. 61. (13111. 31. 9. p 1033111
1 0111111111( 1. 61. (11941. 161. 1. p. 663- 3111161, 11111, 1111111
16111111, 6111111. 1,.0111. 9. 3111. (1171, 1139, 1333, 131313311364,
1364, 1401. 1119, 1455, 1460, 1394) 111. 2. p 957 11. 98111. 973.
1019 (1. 1100 (1. 111011. 111311. 111111. 11111119111311. 113111.
31. 1. 1. 111. 113. 011. 1. 3111 (1301, 1311, 1111) 31. 1. p. 313.
1133. 111111. (11.1. 31. (11.,1331. 1131) 31. 1. p. 311. 31. 1.
p. 616. 660.- 6116111111, 1111111111111,111(111111111 11 (111),
11111111,6111111611,6111111(011).6111111101(1(11,11111111,
3631111111 Q, 111111. 1131111131111111111. - 1111316111 11.
61111. 11111111, 9111111111, 1111111111, 301111, 31111111, 61111,

 

