Qsswmh ffls

1888) 6. 448818 ·- 19. 818. (18988 8. 8811. 1111 81188811. (8811·
111881181118111111, 8111811181, 3111111. 1181111811 (88 11111.
8.1938-1884).6.1-84. 111. 318811. 81881111 8. 6111111111 (88
11111. 8. 1148-1898). 6. 811-198. X. 88181111, 8111111 8. 311111.
111173 11111. 8. 1841-1889). 6. 184-178. xl. 618818111118111
(97811111. 8. 1944-1481). 6. 178-147. Χ11.8181111811111188181
(88 11111 81898-1888). 6. 448-884. 8811 11118111. 111181118819.
188111 811811 188 8111811111. - (1. 6. 188.) 11111111 81111181118811
811818181181111111 111 811 1111181811 811 111181111188181118.111111111
118118818111111811811111. 1. 118. (884 6.). 1888. 1118111 891 1111188811
1198-1471 1811888111 1111811111. 1. 8. 811181. 11, 181811 11181. 18.
818111). 7. 118. (818 6.) 18881118. 848 11111. 8. 1139-1500 1811818118
1111811 311111 811 9. 11181. 118. 8. 3881811. 1818111, 811 (8811118811
811) 11811811 8111. 18111. 8. 1. 68111 888. 1811. 8. 8111 8118818111
8118 8. ss. 1118111118). - 81181111181111111818111111 18 1. 1111118881.
8181111811111181811181 1811111 61111, 1818118 181111 888 8181181111
8. 1183πὶ81118, 11181118 81111 68111811, 18811 8111811181. 11111811 8.
81811118 8111.]

811181. 188818111111 8. 1181111. 81111818. 8. 111111118888811181111, 818 8.
1111111111 18111111 8811 11. 11. 811111. 8111. 118. 8. (1786). 6. 883 fg.
(mawmfflmaemssaewwmmumffimn

8118 888811888181811 8818. 1788. fol. 1111. 811111. (811181181111811118
8. 11111. 8. 111. 811181. 1. 8. 811181. 111118. Ι. 18 ὓ8181118811.)

,181111 68818 81111111 8881881188118111 811 88111811 811 8118181881(
1111111111 8111. 1318188. 1619. 188 1111. 6. 49 (11181111. 11111181. 1481)).

Apologia, 8111188111 8. 8118 81818111 8111111111, 811116811111811181118111
181 1111118. 1118111118 81181811118811111.(111111818118818111 ιι. 811181, 1811·
811 8818888881 8188111888118818118188118181181. (1111181719. 881
111110. D. (1717). ’

U. Trogilli 81181811 811118111811111111811, 1. 1818 1811111811 (8818111811
8. 8111111818111818 1111111, 111181 (8181181111, 1. 1. 11. 881 1111 ffic-
1888811111 111881, 8. 1. 8. 88818. 1788. 4.

[IV. 81118111818188181811181818, 1111 111111 1881188111 8111·
8111811 1181181, - - -1188 81118111, 8 1. 18. 6. 119 1. 131
(884). 881 1886181818818 Albortus. 1187)]

mm 88118 811 08188. 8111118111 11818ιοί1181 8188111888. (Lub. 1618.

1091. hag? 4.).1111. not. ad lib. ,1. cap. 18. p. 1811818188. 81881-
88. .

ΝΜ, Ρο11.,8181ι1811118188811881.8. 7ο (811181. 8. 81818. 1480.)

mu, J. chr. Oratio secularis 18 memoriam in 1111181181 introductae 18·
formatae 1811ςί8811. Francos. 1. V. 1718. (949.)

8181811111, 31811 1111811181, 881 811 8888888188 8. 81818111 811 8181111181
88118118.1818ι111,1111118818 81118181 88188111 8. 81111111·
88888

84

 

