1111111111.

11111111 11111. 1. 111111 ι. 11161.111111;-111611111111 111111
gag- 1. 11111111, 11111ἶ, 111111, mesni& 13111, 1111111,
1111111111.1111111111111
1111111. 1. 11111111, 1 111. 1111111111 1. 1 111. 1. 1111111 - 111
1.11111111113(111.1111111116111111,1111111111,
1111611111111,111111111111111111111

*1. 1111111111, &- 11. († 1116), Codex 1111111111111111111111111111111111-
111111. 61111111 11111111111111111111111ὓ1111111111111111 11111111.
(1.3. 111-1111.) 11111 (1111111111. 111111. 1111-11. 11. 4.
1111. 111111111111 31111. 1. 1111111. 31111. 17. 111 1. 311. Ξ. 15.

[11. 1: 111-311 4411111. 1111 1111111111 1111111111 1111111111,
1. 1262-12903 1131-411 1111111111 1111111131111111111 811111ς
1143-1461 11411111. 1111 111 1111111111 11111111·11.,1. 1411-1140
(11111111 urst.. 111 111111111 1111111. 811111. Ι. 1111111111 111111 111
111111ἰὶ1111 11111 1111111111 p. 149-160111111111. 111. 81111111 1. 1.
811111. 11.; p. 161-304: 167 11111111(11111811111111111 1. 1440·-
1470 (11111111 111 111111111111111. 1111111111 1111111111111. 11.
11 111111 111 111 11111111. (1111111111). - 111. 11: ἂ. 3—104: 104
11111. 111 111111. 111 11111. 11111111 1111111 1. 311111 11111, 1. 1470
-1493 1111111111 1111 111 111111111111111,111111111 111 111 1111111111 111
1111111 11111111 111 1111111111 111111111111111 mit 111111 1 11111
1111111111, 11111111111. 11111111) 111111111111, 6111111111 11, 11111
11111ἑὶ1 ξ...111111111111111111111111111111ιὲᾒὲ
11111111, 11. 1111111111111111 1. 111 111111111111111111111111; p. 111-
19111 1111111111111111111111 1. 11111111. 3111111111 1111111 1111111111111)
1111111111 11111 1179 1. 11111111 111111113111191111111, 1111 15111111.
1111 1111111111, 111 111111 (111111111111 1. 11111111 1111111111111.
&mascrime 111 11181111111111. 1111111111 1111111. 1111111· 1111
111 111111 1111111111111. 1111111111111111111111111 111 11111111
1111111 111 1111111111 111-111191 1111. 111 111 111111111111111
11111111311111111 1., 1. 1100-1111.-(11 1111 111111111 11111111. 1111
11111111, 1111111 111111 111111 1111111111 111 111111111111. 1111111
1111111111 1111111111.ῗὲἓὲἱιὲζῖἑὲῗέἒέι111.ἷῑ1“”1111,111;
1111111, 111111111ῐί11 111 11111111. 111111111111111 1111111111. 1111
11111111 11111111111111111
111111 fich 111 11111 1. 111 ς1111111111 11111. -11111111 111 111111 11111·
1111. 11111111 sub 1111111111. 1111111111 111 ς1111111111, 111111111 1111
111111 111111111111111111 11 1111111111. 11 1111111 11111 111111111
1111111 111 11111111.111111111181111111111111 1. 1111111 111; 11111.
1111 4111111. 1111111111111111111 11111111, 1111111 111 1111111.
&tamt 11111111, 111111111111111, 11111111,111111ι11111, 11111,
(111111111111, 1111111111111, 311111, 111111 ,111111 ,Das
1111111,1111111,1111111111,Θ11111111111,ἓ111111, 1111,
6111111111,11111111111111111111111 111, 11111111. 31 11·
11111 111 11111111 1111111111 11111111 111; 11111111111111111 11111111·

11111111 111 1111111111 11111, 1111111 1. (11111111111111111111.
11111111, ιι. 11111. 11111111 1111111111. 6111111111 111111111111 1. 1111·
11.1111111,ὓ111111111111111ὤι111,6111111111111111
11111 1111111111, 111111116111111 11111111, (111111ιὲίὲ1·

1111111,111111111111111111111Θ1111,6111111111, 111·

 

