31111111. 413

1. 111. 111 11111111111111111111 111 3 11111111 11111111. 0111111111, 113
31131333, 1131, 1137, 1143, 1191 11. 1445. 11111 1111111111 11111111.
1. 1131 111411131111311111111111111.11 1111111111’31111ι
1111111113 0131111111. Di lomi. 1111311111. -· 1111111 „But pann
meridien 01111111 1111111 11111311, 31111 311 originalia 111 31131111
311111111111111131111113] 111111 111111 111111111111111111 1. 43
1111111 1111 1. pfl.) 11111 111 14 111111111111 11111111 1111 111111
{autminus 3111 1011111. (111. 311 3. 1361, 1190, 1306, 131113131343,
1374), 1111111311 111 111 111111.,111 1111111111 1. (11111111. 11111. 1.
1111111111111311 1111, 1111111111111 311111. 311111111111.,Ν1111113111
311611111111111131,31111111,11111111,1111111111,11111111,
1111 1111111111 111 11113111111. 1111 111 11111111. (11111). 1111111.
mit 1. 1111111. 1361) 1111111 1111 „confirmatio Episcopi 0111111111
Banetimoninlibiu in 1111111111111111111111111 concensu.n 1311 3. 1111.
111 311 311111. 1113 Mi. 1343. 1111111 11111 uti. 311 31111. 11311. 1.
31113111. 31 3111 1111111111311 11111111111111111111131111. 1. 1310,
111. 1. 1. 13131. 111. 1 1. 1. 1. 134311113111111 1111 1111111111

7) 01111111 11 111, 311 11113111. 1181111111. 1111. 1111 (ὃ. 193 11.

3111111111 1111131111 0111111111, 11111111 1111111 11111111 11111311
dp 1111 1111111 11111, 111111 1111111111 giam. 111 11111111. (3111.-
Ξ.01.11111111,1111111111.111 - - 11111, 1 1111111. 111131. 111. 3.

1111. 1111131111. 1. 3. 11111. 1111111111. 1.,3. 3. 1333-1633 11111
1111111111. - 3111111 ,1111131111111111.εἱ]1111111.11111.” 11011111,
1. 3. 1136-1633. 1111. 11111111). - 1111111111 iii. (1 111 1. 1. 1311
1111. 31111111. 1111. 1311111. 1111111111 11111111. 0111111111 &titini
161111111111111131111111111111. 11. 311111. 1113111131. 1111. 1.
3011111339. 111111ιῆ1111 111. ς11111111, 11111111, 111113111.
1111111114411111.1131511111. 811111111111. 11111111 81111111.
111. 111111111111111111. 1. 31- 11111. 1. 1131-1516. 1111111 111 31111

1111111111 3111111111 3111111 1111 311111111111111111111111 11 111

11111. 1111111. 111 3. 11111. falsario christoph Stenzel Janikows'ei im
1111 31111 11 D. 0111111. 1111 1111 (31111. 3111111111. 11131 111111.
goin. 11111113. 1111111111. 1734, 8111111. 111111 811. - 31113111. 1 .

11. 1. 111111 111 3. 1111111111. 1. 1111111 1336. (311111 3111111111
11111111111111111111 1549. 11111 3011111111 311 0111110111·
1111111111. ,111111 111111 (3113111111 1111111111) 1111 11111111 11133111 1111
11111111. 1515.’ 1111181115 11). - ,1111111111 111 31110111111111111-

‚n 1111111, 1111111111 1111111111 1111111111111, 111 111, 1111111, 31111.
51111111, 11111111 113111111111Ρο11111111, Repusshquon¹ 1. 11111 Am·
bassatium 1111 1113111111. 1. 1111111 311111, (11111111111111111. in.. mtippe
11131113111111111111116111111111111111131
11177). 111111 111111. 311111. 1. 3. 6111111ιὶ1111 11111111. 1311111111
Β1....1111111111.1111111’1111111111111111111111111·’11111
1111 1313 111111111115 1.).01311111311111ἒ1111 1. 3111 &tiqui
&g ῧίὲἓ.),θ’1ὶ1111111111101ἓ11111110111131111111111111111’111111111111111111111.(111113111111ῗ3ῗ1ι
1713 11 0. 811). - (11111111 uti. 1. 131611. 3111111113 1. iiiii·
111. 1111. 1. 1111311111 1. 3. 1341. 11111. 1111. (113111 1347, 1413,
1433111111. &toni 1. 1343, 1311, 1371. 11111. 1111. 311111 1. 1313,
ἔὲ011141ῗ11114311141441111111191ἐιῐὸυξεὲίιξίέἱῖιῆαξ ((ἓὲιῗι1 111 {pagii}
1311111.1133111311, 31,1313113111 111

 

