1131113633.

1163113. 11333131. 63. 3. 6313331136Ὴ1331 113. 47 1. 11313. 419-

314. -1161 1: V. Anonymi (1311313333 3331633333313313 331333-
33333331,1133133113,11.-13 31311313·
33313. 333 13. 333. 133-333. 333-333. 333 33. 333. 333-333, 333-
333. 313-314.334-333. 31313. 313-333. 333 13. 333-333. 333 13.
333-333. 333 3. 333-333. 331 33. 333 33. 334 13. 343 33. 333 33.)
p. 166-346. 111. 1111133113 13333113313 31 ostensionis 31311131
313333331113 11113113 k. 11113113 14163 1447. 313.364·-366.
366-366.) - 1131113 111111313313333133. Β33131133313333133313ι ab 331.
1100. udan. 1300. (53 11311613. 613 6361336313, 63336336333,
8333113131, 1133666333, 6113636333, 6133631, 11131133633133,
613 6131331331, 631 6316111313 6611313313. 63361116. 61133636,
3113166111 3313311311 333 633 6331. 6113 11., 1113163333, 11613. 13111311·
6136, 13633. 6. 6111331,6311111.,11133331,113611, 6131131336, 63136311,
11163361 1136111. 3. 33361111 1. 3 1611. -113 46 11. 41. 6313. 33313136 6.
6331136. orn. 1311113111, 113. 11, 1113113 31333 [1113333316εὲ 113. 36.
66131131, 113. 31. 6. 63361116. 11133636, 113 6. 1111. 633 ⁵ 11661313
336 6113163311.) 3496-1190. vl. [1131331113. miseellam 1113161133
113611. 6133116336. 63111361311311. 3. 1317, 1319, 1946 3. 1671 unt:
113. 6, 11, 33,13; 1111611, 1133313313 611311. 1. 1340-13743 113. 1,
1 3. 4; 61136. 3.1 331361 11311 3. 16; 111113. 3. 11331363 111. 6, 10,
3163 63. 1. 6316113313, 1111331311, 61316333 3111333133·
3363 11. 6. 61. 6113313 63. 16.) p. 633-637. - 116. X: Diglomata
333. saxoniae 31 Β31333331311333., (11111 1113133 11111 6316113311 ,3 331.
61311611. 6111311 1133363316. 613 11311. 131133-1339 13313 113. 4.

11 36111911111161119134111311 5118113111111131111Ι ὅ111311οι 1111111111ι
11313 633 1136631316336. 6113; 113. 311 pf 19-133. 11.1)1-
313333111 333. 11133133, 1633133133, westphaliae 313, ab 33. 1110
-1336, 11113 111311. 11311. 6. 6. 6331111. 3111. 1113116336. 6113116. 1164,
117113.33611;113.3,4,14,13; 11313333113113.13; 6366331333
113653661311331111.1311.33;1311133113143633661336363 ;
113. 4· 111336..63163311.;113.1,3,4;1161.1ζ111361136.;113. 1613, ,
331; 63. 1. 6311336113 11319 1. 66; 61331113333113133 113. 67;
6611313333 3. 63111313 113. 463 63113631333113.41;11336 31. ὃ.
11131331. 3311111311.. 6133133. 3. 1136336333. 63. 6133116. 3. 6111331,
6. 61. 6331311336, 1113311. 3. 6111 311. 13743 1134413134-193. ¹
Vll. 613131331311331033313 coenobii, 7611311. 6. 1633-1491 611.
63336136. 611311. 3. 1334 11. 13933 113. 31, 61 3. 33. 1131. 611133 31.
313333333333· 3· 3313· 3
1131116116. 6111163311.τ f: 61. 11 331131 311 be. 633113311113141. 1
1131. 6. 61. 16113111 113. 36. 1111. 611. 3. 33311313 11313. 61311.
6131113331 6. 33113 11311. 33. 1331-1437 11ι113. 16-13; 16-11· 14- 1
33; 33-.33; 33; 31-33; 33-33. 333. 331. 1113111 1. 13111131 111. 43.) 1
36133133611111111611113311111113153 1
1133 u. 31131, 33-33 ’1 3313. ’3. 11111111 1. ’1311-3133 ; 1. 6311ιὶ 1
11131113. 46 11. 66; 6 31113 113. 613 (1336. 1111136363 3. 3, 4, 6, 6, 1
8, 10, 14, 10, 11, 14, 16, 18, 34, 36-39, 11, 46, 47, 60, 1111-119’
613113.,1)3163111.3113.11,14,3ο;111616613313613133113.7, 14, 161 1
{1¹³ ἕ11916. 11311136τᾶ63. 7, 9, 13, 331; 1161. 6133611363 113. 11; 631131 1
3133111611..111311161611611111111111161 1
Ι -6416 - 1161111311. 61313331331333113 331. Rammium 313331· 3

 

