484 1111111111.

erni. mittant 1. 11111. 1. 3. 11411 11 1. 1111. 1. 3. 11111. 3111. 1.
111. 81111111 111. 1111111111 1111111111111111. 111 1111. 1111111 1.
11111111. 1. 3. 1193. bein. 11111111 111 intuitionem iiteticbnrg
(1111111111111. 111111 1111111111. n. 3. 1111).

1111111111 1. 1111111111111 111 1111111111 111 3111111111, 1111111111,
mentionata 11111111. Bor. Fol. 171 111 1111111111. 11
11111111.

61111111, 111, 1111111111 111 1111111 1111311116111111 1. 111111-
1741. 11111. 1747. 811.

01111111, Diplomntoria notorio 111111111811111111111. 1111. 11111 δ. 111111.
-1111111111 11111111111111111111 1111111111111111111 1111 111 1111111111
11111111 Codox diplomat Brnndonbnrg. 111 1. 11111111. 111. 1, 6, 14—
1711111111. 1111 Θ. 17711. 131 11. 3611.

111 1111111111 111 1. 11. 31111, 111 931111111111111. 11111. 111111, 111
1111111111111 1111111111 1111111111, 1111111. 1111 1111111 111 1111111111
1111111111. 311111 Spiritus 1. sanotae Annio 111 6111111111 n. 1248
-1111, 111 11111111 11111111 11111 11111 1111111 1. 1111111111111111.
111 I. 1111111111 1111, 11 1. (11111111111111111. 11 6111111111.

011111111111111111111111111111111. (11111111 11111. 111 tonitr, itinn·
1111 11 Vol. 11, 1111111111, 11111 1111 (11111111. 111111111111111111111
111111111111111111111,1111111111.31111,1111111111,11111
11111111, 311111.

1011111111.) 1111111111 111 1111111111, 1111111111 1111111111 11111111
111181.11111111111111111.111 11111 111111 1111111111. 1111 111 311111
1163-1461.111111111. 11111. 111. Β11.1111. 136 111 1. ,11111131111111
11111111. (111111 11111. 1111. 1111111 111111111111. 131111111111.
1111. 11111111 1111 ὅ. 171.

1111111111111111111 1. 1111111111, 1111111 111 1111111111 Administratoros 111
1111111111 3111111111, 111 111111111111 111 11111111111111111111 (im
111111. 111116111111, 11111 31111111111111 3111, 1111111111 1111111111
1111111111. (11111111 111 3111 3111111 1671. 4.

ton 11111. 1111111111 1. 1111111 1111111111 Ρ111111111, Promona, Gon-
111111111, confirmationes oto. 111 11111111 1111111161111111111111111
1111111111 11111111 11111111. 16111. 1111111 1163. nnn. 1111111111-
1111.118111. {introit 1. 16. itote h. h. p. 38.

lyiino, 11111, Oorpnn Constitutionnm 11111111111111111 novissimum. Dior
611111. 111111. 1. 11111111111111111. 11111111111111111, 1111111111-
dito, 111 1111111111 1111111111, 1111 1111 11 111 1111111111 111111
1111111111111111111111111, 111 1111 11111111 1713 publicini 1111.
11111111. 1. 11111. (1714.) 4. 6 1111.

mn, Sinn 1.,111111111111111 Β11111111 ad Albim ooonobii 111111
11111 adnotationibus 111 novi antiquioris prnooipno oomplootontibno 11111111-
tnm. 1111111111111. 171111. 1111111111 311111, Clanio diplom. 1.
44 11. (1. 1. 11111.) 111. 111111111111. 1111111111 111111 11111111 1111
1111111 6111111111.

 

