3111311111. 00

,11111111 ’131 3111111111Ι 31
in §.9999 1114 (311111111311. 1131 (31111111111111111111143, 1343
(311111. 1. 3111111 13111334113111111161111111133311 113111
(Βιιιίιῑ 1 993 111 1 ’311111 1331 11 13111(311’1111,13111111 ιι.
131111313111337111311111111 1. 31111 ιι. 31.’6111),1333
1611111, 31111111 -1111131111 (311111, 31111111. 3111. 1. 111
1111311. 111. (1111311131. 11111.1143,.(1 (1111. 31111.1.)1111
(1111), 1311111), 99 (1113111 (1141111 (1141), (31111111 311
9 1311,1311,11111111111 13113131. 134311111111113111
1131113113111331.. 31111111
1113111,133311331111337113 1311113311313111
3711, 1341, 13431111133111, 1345, 13431143111310, 1313113
33111,1357,1373111331111 311441 1333,1333, 1330, 1331, 1393,
13ιι4; 31111113, 1111 ιιι 3 111 11411331, 1311 (ι”11111

1333, 7333 111 3 3111113311, 1337 1114 11111, 13311411, 14031410·-
1111111111. 6111111111 3111 (.1111111. 3111311111. 1144131111

1111111. 1311 31, 31111111 1111 1613. 117611111111. 1 3111111
31111.1310113111111111111111 31111116 111317 (311113.
311131..)1313(.111111.1.31131.1)1313811.)1.311111 11311111
1131113111111813311. 1331111871Η 1 (331111111131111111111911111.
1.31111.;-) 1111111111. 331111111113 311111. (1.111331113 11114
(13301371133313111343133(1330).(.1313ᾠ1330;- 11111
11161133111111111113111131111,31111.1))1.1173;- 1111.
31113131. 1. (1. 1111111. 311..) 1113111131]

Meiba& 1311111131,013111111111111131111111111111311.1.3111.

ιι111111101111111111 3111111111 (1 131. 111111111131111 13111113 ’
33313333..3,311333331313. 'iffi'vfm 999
111111 111. (1111111111 111 11111111 311111 311111 11. 313111
(61183113ῖὲῦ1111111113111111111,1.31111111111111111111111111111ιι. 3.)
11111131,3111111111113111111,133111111353.
[311111 11111111 113) 111 331111111111111111 (313111111111111

Index 11111111 111111111-3111111111111 1111111113111111111,(1111111111,1111 111·
1113113111111111311111111111111111111111111113311113111311(3111
ιι, ,1111111111 1111 1111 13111111· ¹Dtbenfl 3111111 39 3311131111 1111111111
111111 1111111 111 111. ιι. 11131111311111311111111111 111 1111111111311
1111 1111111111( 11111, 3113111111111111 11311111 111 311111111111
311·, 31111, 1. 31111111 111111. 3111113111( (XVI. 1, 313 &.). 1111
11133-1443 31111131111111333.3113113133131111111
111. 3111111133311111. 311111 1334. XIV. ὅ. 130111.

[3111 3111 1111311 111 111111111ἒ111113111111 1111111111 1113 1 331111

111111111113131111 1111111111 1111111111 1111311111,3111111·111,111

111 111 3111 11111111 1111111111, 11111 11111, 3111111 111 3. 311443 11111 1331

ῗέήῑ, ἰ1818ιῖ1111ἱῴῗὶΐιι] 111 01111111 1111111111 1311111 11 11111111 1111
1111 1 ιιι 3

31111111331111111. 1. 11.
(31.ι.11.111111..,ι111111 1113131111111111131111111 1113ιὶ11 31·

1111311111.’ &- 113- -11.1]
3·

 

