1111911191· 1411

9111111119, 91111. 1111 9111111111) 1. 10. 91111111991111119196.

1 109; (9990) 8111911119 1. 9111111191111119111111(1111911 91191111

1111 9111119111 1. 9. 6111. 1913. 6. 191; (3991111911. 11111911 111
111111 111 911111119111191111. do eod. Q 194. - (9111191111) 9.
911111191119111191111111. 911111111911111)(111111111111ἇξ;)
1111111111111111.1111111111.1111111111... 1
30. 11111 1914. 6. 119; (3991) 11911. 911111901111.1919911111. 1919.

“ Q ¹³3 (9999) 111. 91119111. 13111111.. 9111 1111. 1. 111 1., 9111111111.

³ 1111 1111111111

31911. 19111699. (111111. (1119111111 1111111111 111911111111·
111119.111111111.19.1111.111.91111111111. ἐζ
. 1919. 6. 94ςᾶ9904) figet 911ἰ 91ἑὲ91ἒξβ1ῐί1111ἓῖἑῑιὲἱτιξθί111ω1ἑιθξταὶιιιιῑτὸξῖτιι
1111119 911 Stiaettffissuzzmbcflossomtt. 21182920 11111191111111 9119111111,Ι
(11111. do eodem 6. 491 (3997) 9111111111 11111111111111111111911. 919 911111·

³ 1111 91111111, 1. 11. 911. 1111. 11119. 1111. 1. 11. - (11111 6111·
. 1111ιῦ191111111)1) 1191111199111111. 1111111111 (3999) 1111111. 111.

9111111911. 3. 11111 1191. 11111 1919. 6. 199; (³39⁹AE 6111111111.
1. 11. 1111. 11. 301311. 1917. 31111. 1919. 6. 93 (1000) m 111. 1111111·
911111ξ11111911. 9111 11111111. 911111 1. 911 9111111 1111119111 unfit·

11111111111,191111.1.99.11.10.9111 1919. 6. 1971 (4001) 111 9111. 111
9111111111 11111 1. 911111( 11111 91111191111111911111191111111619111·
1111111119111111, 111. 1. ²⁰: 9111. 1999. 6. 199; (4009) ³¹¹³. 8111111111
3 91191191111919119111911.1111111191

’ tau, 911111111191111. 1411111 1. 90. 8111. 1999. 6. 99. b) 1119111. 111

, 91111. 1919. 311111. 1919.

1111111 61111 91111111 (9004) 1111. 111. 91.. 9111111. 1. 11111. 1. 9, 11111
11111 6119111191 1111 91111111 1. 3. 9111 1919. Q 161. 1) 1119111911
³⁰”‘¹“'‘¹¹ Μ 611111, 91111111119111119111.
911119111111 1. 119 9111111119.. 11111111 (40095111911891911. 111. 91.
19111111119911111. 1914. 6. 197; 11111. (11119111 1111911111111
¹ 141311. 1919. 311111. 1919. 11111). Q. 25: 111111. 111. 9111111 111 1111111
¹ ῗ91ῗῴ9ῗ19ῗ) Qu wffie ‘effnwbtetwvbffiffi {im 23'12322111351 Ξαὶτὲτ
9111111111911111111111111.11.91. 1. 9111 1111111. 911 1111111·
111191 1. 91. 11111 1919. 1111. 1919. 11111). 6. 99; 911111 11111. 1. 99. 3111.
1111. 91911. 1111. 911). . 11; 11111. 1. 7. 911. 1111. 11111111. 911.

1 Q 1133 (911111111911111. 111111 911111 9111111119) 111111111111911111111,

1111191111 1111111111 11. 1. 11. 1. 9 1111. 1919311111. 1919. 9111. 6. 199.
1111111111. 119 11111111. 6111111111 (4009) 9111111191 1. 9111111911191111111
11. 91. 1. 6119111 1. 19. 11111 1919. Q 99; (4007) (919191111191111 911
1 11111111 919 111111111111911119 1. 99. 9111 1919. 6. 79; 911111111111.
gut 9111119111 119 1111111. 11. 9009 1.(1111191111911111111111111119191111)
11111119111111119111 1111111 ..31111
11191111 911111). 111 911 11111119 111ng 61111. 11111119111111, (11111. 1.
1. 9111 1999. 11111). 6. 1. ίἐς) 11 11111. 111 (91111111111 61111111 1. ,
191119111119919911111.·11.111.1ὲ1.1111;
11119. 6149. -(611111111 ἵ1111111111111111911111ᾓ1111111119ς111·
111111,1911919911.1.1.11111.11111.1119111
..11111..111.1·.1..1. 11111111191

 

