777. 87118718. 888

871 11111771 ιι. 1178718881 8111117111 811817171 8171817717 817 81. 71
8.; 0111111717117177171111 (7111117. Temo XVI-XXIV. (17117111 1850-
1851.) 8. 7. Correspondanee 171 717177ιί1 H. Roi 171 Prusae Τ. Ι-ΙΧ.

817. 1117111111 71811 871817171 8171817187 8. 81. 1117718118181777117, 111
7118 87171811 1177181111 771117,81718171118811778817717117711. 8117. 1887.

(8877111817.) 81171171111 111 8177). 81. 771117. 817 1771717 1. 8711117711
8171811171 87781711 111. 711778877811111 1171 8177181111 1711711811.
8117711. 1881. 77817. (27 8117117171 1. 88 Q 8111.) 817. 8. 18 71. 78, 87 71.

7711711111 817 8117181117 8118111777171117711711111 111111 811 1771777817
111 717711. 8111 8571111 8711711. 1887. 811171. 1888. 4. (701488.)
817. 871 81771111 A-Y 111771 Nr. 1—111. (48 8.)

8171118111 117. 771 871 81717. 817181. 7777817117 ΙΙΙ-ς ς71771717 &utos
1177181 11111111. 11111. 17. Q 11. 118. 3653 111111. Q 100. 111. 111.
11. Q 204. 778 (Codex diplomatic. 1. 81718. 81771118-7111177. 77171117 1.
8.7806).-8171,77713171111181711717178111171187117711718.
1. 77177777 (817111.) XLIV. 1818. 8. 888. XLV. 8. 88; LVI. Q. 176. 787;
1111. 8.111; 11111. 8. 111. 111 11118118 111. 811. 11; 1111.
811. 111. 111; 11111. 8191 111111. 8111. 3693 11111. 8111. 117
(81111711. 1117181 117871 8111171171111 81111117. 8111118711. 871811
7111111111 7711181177711771 1181118111187111111 811111181111 81811).
817 1117 18111817. XLIII. 1818. 8. 84. 171. - 77118 71 1. 81818117
77771111. 7711871 771 8. 8178771177. 817 771. 81. 7718111 7718 1111171177177. 7711
871 81771. 817 77. 817181 87781711 111.

817 8171111111 8171811171 8777817111 ΙΙΙ. 1. 8718811111811817181718 8771
817111 IV. 817 811 7117871111 11 8711178111 1. 811171. 811717 81111881
711811 7711817 77111171. 8177. 7711171717 871 8178118177711111711811 817 811
8111171171. 1. 87117111 ιιΙ 8118178111117118. 811771. 1818. [17 Q)

1771811, 81177111171111, 8177817111, 77171771 1. 818117 81. 77711171. 817 7771
1717 8171817171 1777817117 IV. 8111 81871771 817 8111717111117171187718111
7177181717, 1118877711 1818, 777 1118118771117181711 817 8117111177
8171817881781171111181.177171881. 811771. 1857. 177 Q). 8.

81718.111117111711817181771. 8171871871 811 77111117 8771111181
7777811 811811171117111 117 81711778178111181171. 717 8111181187817717.
7711771771 817 77711717. 771117. 817117181187 87111. 87778. 8718781717
(71881) 1171 3177111 811117111. 1111 8117. 8181. 1. 8181811. 811771.
1111. (1118.)

871 1. 1111 111111. 11111111. ιι. 11111. 17. 1111 (1. i. 111 8. 1171. 1.
1. 1878841717 117 71811 81111 71 811 7711111777. 17171, 11181 18111111
7817777777777781777777771777771177778777777
{zitffldffiifmzt} ]ιι. 718. 871 7111711718. 8817771177111 811 8171. 77177. 1111771

(7711111771 der 7711111711. 1488-1187. 8111187781. 71817. (88 7117717. 87711),
Hs. 8111117117. 898 117 8. 7171717. 81877118. 1. 811771.

[8718171171711771817 88111. 7177171 7771 ,81171111 1788 8171 1487 8771717118,
71181187117 81817 1. 11811 7118 871 71811771811117117111111117711, 81

 

