111. 11111111. 111

mm 11. 0. 11, 1111111111 11111111. mle· 01111111. 11611111.
1774-11. 1111. 1. 1111111111.

[11 e. 1111. (11111111 fg. (1111). 11111111]
,1111110111 (1 1111 1110), Defensio 1111111111 1v. Imp. 11111111 electionis
nomn 1111111111. 11111111. 1611. 4.

11461ῐῖ 11ἰῖ1111311 iffi)- fflq'ffiqmb' 91) 1. 11 111. (1111111. 161.

Cento 11111111ῦ1111, Memorio 1111111111 1111811111, 11 1111111111, 111 alls
11111ῐί11111 dona citta, 1 della 0111111111 di 11111111, 11’ 111111 Bassi.
9 volt 1111. (17110.) 1. 11. 11111.

sva. 1 1111 (111111111111111.1ρ11.111111111111111111.
osuoma. 111711

(ihm. Ad. Fr. († 1754. 1111. 11111111 111111. 111 11111111. 6111111. 111.
ὅ. 970.) 0111111111. de 1111 quondam ministen'alium 1111111. 1111111
Lips. 172⁴. 1111 p. 193.

1111111 81111111 61111111, uti. Ρ1111111111111111111111 111 (1111 11111111,
1111111111 111111111, 1111 111111 1111111111 1111111 11 111111 111 11111111
1113111111 111 311111 11111111111111111111111. 11. 1111111 111 1111111·
11111111 111 111111 (1111111111111111111111111111111111 u. 111111 1111111111
Nexum 1111 11111 1111111111 1111111 1111111111, 1111111111 11111111 11111.
ἓεέἑῦιᾶἒζὶῡζζϋῶ 1. 111. 13111 1. 111, 1111. 111 11. 1111111. 1310).

olum, Ad* Fr, Anecdotorum S. R. 1. historiam 11 111 publicum illustran-
111111 11111111. 1111111. et Lips. 17³4.

11111. ..11113311111111111111111.11.1“ῖ.11ἰ111“11
ari ⁵ '1³8ng 11360. 1361. 1111111. XXII. 114147. xxlv. p. 4⁸ 11.
111111111111111111111111, 11111111 11111111, 1111111111111 111
111111 111111111111111111111111 11111, 1111111111, 1111111111,11111111111,
111 1111111111 1111111111, 11111 (1111111111 111111111111111111111111111111111,
Son 1111111 111 6111111 111 11111111 111 Bam, 1111111111111 111 Maia·
Meu 1111111111, 1111111111 1111111, 111 11111111111111,1111111111111
1111111, 1111 1111 1111111 1111 11111111 1111111111, 1111111111, 111111111111
81111111, 6111111, 11 11 1111 Q. 1111111111 11111 1111111111111Β11·
11111 111111 1111111, 1111111111111111111111 111, 11 111111 1111111111
11111111 31111 1111ὓ1111111111, 1111111111, 1111111111111111111111111111
111, 111 mm 1111 11111 11111ῦ11111, 1111111111 111111111111111111
1111111111111111111111 111 1111111111 11111111 11111111 11111 1111111111,
1111 1111 311111 1111 111 1111111 1111111111. 11111111 onnam 1111111 11
111111, 111111111111111 1111111111 gu 11111111 1111111111, 1111 111 11111111
6111111 1511111111, 111 11111111111111111,1111111111111, 111 1111111111
11111111 1111111. Μ 111111 1111111111 111 1111111111 1111111111.
ww. 01111111 11111 mm 61111 1111111, 111 311111 11111111,

11111111111111111111111111. 111. - (1111111111 1111111111111111111111

 

