m

1373.

1. 0111111311, 33. IV, 73. 7, 355.

uammmmm
313. 319. 330. 331. 333. IX, 60.
336. 337. X, 131. XI, 63. XII,
163. 309. 310. 433. XIII, 363. 334.
XIV, 163. 164. XVI, 443. 449.
XVII, 359. XVIII, 37. 333. XIX,
371. 373. 474. XX, 153. -

wmwmffissffi

Lffwmffiwmm
166. 167. XV, 133. XVI, 33. -
Immmfflmunm

Immnmmmmm
wmmwmmmm
ameIWAmem.
mmumwfflmwm
1111,359. 359. - 3. 9111111111. 111,

1331.

1. 9111111. 1, 490. 11, 94. IV, 73.
7, 137. 336. 399. 356. 711, 133.
mmmmmmm
61. X, 333. 434. 436. XII, 4. 311.
umwfflfflmfflmffl
XVIII, 334. 311. XIX, 373. 374.
375. 376. 476. 477. 479. -

3. 31111113. 111876.
ιωωωωπωκω
300. 356. 711, 473. 7111, 337. 333.
339. 340. IX, 63. X, 13. 45. 133.
XII. 5. 6. 313. XIV, 169. 170.
xvll, 86. 9501111111, 135. 311.
xmeXm-mmm
III, 73. 79. 34. 37. 39. 90. 91. -·
3511111111. 1ὶέἓὲ
nmffimwmmm
mmmmmmm
Iammffinffimm.
xwmmmmm

Immmmmmm
393. 400. 7, 394. 7, 353. 71, 197.
711, 133. 339. 433. VIII, 345. 346.
IX, 65. X, 133. XIII, 493. XIV,
173. XVII, 360. 361. XVIII, 336.
337. 333. 339. 407. XX, 341. 363.

1. 31111113. I, 153. III, 401. 7, 130.
131. 133. 711,134.473. VIII, 346.
341. 341. XII, 434. XIII, 334. XIV,

‚mmmmm

mm

mmmffimmm1

XVIII, 403. ΧΙΧ, 33. 373. 479.

480. XX, 343. 363. 364. 365. -

9. 5111111111111, 31. 99. 93. 94. VI,
1336.

1. 51111111. 1, 164. 1114014011. IV,
306. 7, 133. 396. 711, 33. 7111,
349. 111, 65. 66. X, 1113353111,
164. XIII, 110. XIV, 179. XVIII,
340. 341. 411. XIX, 373.

1111161111 13351. 1430.

1. 31111111. 711, 33.

1. 31111111. I, 165. 95449111, 471.
mmmmumm
mmmmmmwfflz
353. X, 359. XII, 7. XIV, 179.
XV, 133. XVIII, 341. XIX, 319.
meffizmmmmm.

1. 31111111. 133354. 304. ll, 141.
mmmmstmmm,
⁴28. VIII, 354. 355. 356. IX, 61.
63. XII, 73. 165. 313. 314. 315.
XIII, 35. 335. XIV, 190-154. XV,
mmmmmmffi
XVII, 36. 91. 39. XVIII, 151. XIX,
34. 330. 331. 431. XX, 153. 367.
-1ωωωωωωω,
100. 101. 103. 103. 104. 105. 107.

1339.

1. 51111111. 1109. 491. 7, 135. VII,
mmmmmmm
mmmfflmmmu
184. XV, 1131171, 3131111111,
&ssmfflmmmmu
ᾜωωμπωμι

1390. ·

1. 5111111111. I, 1011493. 11, 479. III,
333. 405. IV, 75. 513. 7,136. 137.
139. 140. 141. 394. 71, 105. 711,
fflwfflmffiffimffi
70. 333. X, 14. 437. XI, 313. XII,
43. XV, 1341171, 335. 456. 457.
XVII, 39. XIX, 383. XX, 369.
wmmmm

1. 3111111. 1, 35. 163. 155. II, 149.
334. 335. 473. 474. III, 399. 406.
17 77. 7, 141. 143. 394363. 363.

mmmmmmn
mmmmmRI
411. 1111115. xv111‚ 411. 1111,

 

