660 » 61111111.

111611, 616111611,111. 111116 6661111611, 61)·61166111611, 61161111·
1611 1. 116111 611611 6111111611 11616111116111111111111111111111611611
6111611111 1. 6161111116616111111, 611111111111, 1161111161111111611,
611116116611, 611116111111, 91111111,1111111111, 116111111161111·
1611111 1. 116111 61111116111111111116116161111111, 6111111111, 6116111611
11161611111161161. 611161799-16. 4. 1. 66. 1. 1. 166.

[1. 661 1. 116. 6. 96 fg. (611111116111116 (61161616. (11116. 134). 92
(c. 636). 43 (c. 666). 316 969). 399 (1047). 410 fg. &0552 419 (much.
Udo. 1069). 491 (otto 111116. 1066). 433 1. 431 do 1111161069.
1063). 497 (Τ611111161116.Ε)1111. 1066). 446 (Udo 1111116. 1066). 446

(11(1ο111116.,111111111741116.111111. 1066). 633 (1133). 637 (1196). 636

(6111116111. 111116. 1136). 639 ιι. 646 (111116116111. 11371143).

661 (6161161111. march. 1149). 663 (1116111. 111116. 1149). 666 u.

1111111111 1111111111· 111 111

111 (11111. eoo ι. 111 (11161),ιῖ 11111. 1111)..’111 <nemi
1111161111111. 1196)]

6161166116,Ηὶ111111611611161111111. 6. 944

noym 1111.,6111111111111 111611111111616111111. 111111 61111111, cogno·
111116111111111111111. Lips. 1796. fol. 11. 11111.

[1111. p. 147. Addit„ 1601111111. 111. 39. 61]

611161111161111611111111111111611111111. 11161. 111. 97 (1639).

16111116 011116. 61111116 1111616611111 6111111116 161111661611-
chit, 6611111111 111166611111 61111 91116111 611116· 6161· 1111611111
91116111, 1116 1161161161 11161116111111111 61111161616611 11611616111111
6161111111 1116111111 1. 1111 161611116111111111 1116 6111111111 11111111

1111611. 31116111ιῇ. 1716-36 6 6611.

[161611-11 (1111. 1. 61611. 111. 1111116. 1346). 99, 30161.

11 6611116. 11. 1. 11. 1111. 1111141 11· 1611111111. 1. 61111.)
61 ( 1111111116.111116.1111111. 1376)]

smmi, 611. (6 1710. 1111 111111116 11161. 1. 6. 61116116. 1. 6161.
61166111. 6111611. 36. 16. 6. 363-9631. 11111116 1111. b. 611116.
6111161. 110. 1. 6. 399), Additamenta ad Brunuemanni 111 61111-
11111. (1711116. 16961777. 4.). L. 11. cap. 7116611 (61111111. march.

61116111, 6111111161. 6111111. 1699-1666. 17 1161.

1111. 1. Sam: ε.1111611111111-111(1111). -11111311111

1111. 6. 46-66 ιι. 69-106 (1111111, 61111111 111 mn. 811161. 1 1116
11.11111111.1111111111111111
m ’ζ’ 1111”’11’11’,’111’11ζί’1’1’1’, ’1141’,”11’1’1’ ’11119’6.’1111’ἶ’111’1.
6161116111111111611). 6, 911-141 1411111. 61116 111611.
111111.. 1. 1364-1671.111. XV. 1111. 1. 311161. 16116. 6. gt. 1644).
-1636, 6. 316111 611. 2. 6. 196 fg. (1111 1161. 611 611111 1. 61111

11116111Ξ1Ῠ611911ἐ61111111. 1311). . 111-111 (1111). - 1111.

6. 316161 164 fg. watra? 1. 1111111111. 1736). - 1847.
11113’1111’1’>Ῐ’ ι’11ῗ1’4’11111’1’.ι”1’ὣῖ ’1”6”ι’1’1’ἷἰ’1’1’11’1111’.’ ἕξω
-41, 1. 6. 61161161. 611 61111. 11116111 auf 6111116611 6111·

 

