12 , 1111111111.

20111 1111110111 1111111111111111111111111 1400-1410. 8111111111.

1634. 4. VIII. 11. 244 Q
[111111 1111111111 111 111 11111. 011111 11111111, 11111 11111 11
1111111 11111. 11111111121111. 111 11111. 11111 11, 1. 21. 111 01110
1111,11121111911111111110111111.6111111011.177176),
1111110111 (1791), 2611111101 (121111. 1229, 1122, 2416, 2565
-72,,2020, 2769 1. 2169 11111. 1. 011111. 1111111111), 1113111111111 1
1. 1111111111 (111. 1317, 2110, 2291 u. 2471).] ¹

07111111, 311, 11111111 chronologico-diplomatica Friderici HL Romanorum ¹
Imperatoris (Regis 171. 21111111111111119.11.1111111110111ε,1111 2
1. 611111 1111111111 11 22111 fid) 1111111111 911111111111111111111111111 1
&ubre 1440-1499. 211111 2111117111 111 131111111111111111, 211111111111 1
ιι. 0111111. (11110111111111. 9113111114401111111111412. 29111. ¹
1191. 114. (21910111 Q). 3111111 0111111111. 21111 311111452 ¹

(2111111111 1499. 29111. 1140. gt. 4. (1021014111-011111111 Q)
[01111111120111 1119111111111111111 11111 11111111. 1111111111 1
1111 11, 11111111. 111911111111111. 21111 (1111 1. 01111111. 31111 1. 1
1761111171111116 1111111111111111ῗὲ1ιίιὲ 11111111 11111111 ι
2111111111111. 6111 (1. (11111111. 11111111, 1111111111 1. 11111111, 1.
1111111 111. 1111111111, 11131111 111.. 111 61111 9111 0111111111 1111,

1111111111, 1111111111, 1111111111161211111111111, 1111. 1. 61. 21111
111, (011111111111111), 111111 111 61. 211111, 11111111 1. 611. 01111111
1. 3111111, 111 011ἑ1111. 111111 1111 1. 0111. 01111, 311111 1. 31»

1111111.,1.611.1. 111111111111, 16111, 611111, Q 1111111
1211111 11111, 111651. 11111111,1>1111,91111111, 111111,
11111, 1111, 2911111 11111111, 11101111.21111111111,01111,
211111111111. 21111111 1. 1111111. 211111111111111 1111111111
ligea 9111111111 1. 01111111111, 91111111191111111 1. 311111, 111111
111111 111 2111131111111111 1111111111, 1111111. 911111. 1. 81111
1. 111 111111. 11811. 111 1. 211111 1. 1111111111. (1 1. 21111 Q 6οε
Nr. 439. Q 75: 111.611,619. Q 921 111. 719. Q 135: 1111210.
Q 17⁸: Nr. 1741, 1742, 1743, 1744. Q 181: Nr. 1776, 1778, 1779.
611611111111. Q200: 2009. &2041 Νι. 2041. 62011 1112041.
Q 206 Nr. 2054, 2057. Q 21οτ Νι. 2093. Q 213: 111. 2116. Q 214:
1711114. 11111 1111111. 6111112111. 6111111313.
6111 111. 1011. 6111111141. 6101111014. wa:
Nr. 2618. Q 269: Nr. 2644. - ffib. 2: Q 326: 111. 3237, 3238.
Q 1411111. 3440. Q 352: Nr. 3514, 3111, 3516. 63531111. 3527.
Q 369: Nr. 3687. Q 389: Nr. 3887, 3886. Q 391: Νι. 3918. Q 392:
Νι. 3919. Q 4091 Nr. 4038. 64211 Nr. 4163, 4164. Q 433; Nr. 4214.
Q 434: Nr. 4219. Q 4861 Nr. 4762. Q 512: 11115032. Q 516:
111. 5063. 6119111110111121. Q 566: Nr. 5737. ῧ.096; 1116139.
(11911111. 1110, 1111, 1101. 6111111111, 1101, 1111, 1111,
6176. Q 619: Νι. 6373. Q 62οε 1116313. 6622016404- &6362
1116143, 6544. Q 6421 Nr· 6617. 664011116687. 66491 111. 6701,
Q 650: Nr. 6709. Q 651: Νι. 6719, 6723, 0724. 66611 111. 6845.
Q 675: 111. 6965. &8762 111. 6972, 6980. Q 704: 111. 7490. Q 736:
111. 8011, 8012, 8013. Q ⁷43: Nr. 8102, 8107, 8109. Q 759: Nr.8320.
6. 76οε Nr. 1347, 1341. Q 776· 11111111 11111111 1111111111 (111
1111. 11111111) 1111119111111111111 1311111111 1. 0111111111. 61111
6111111, 1. 1111. 61111. 2911111111 1. 21111111,111111111 Q) 11
1. 61111111 111 1119111111 11113301111111111111111111141 2

111111. (1. 1111111111. 21111. 1. 0111 111111 1. 11111. 1. munnam

 

