111111111111.111111111111111111 11111,111 Μ 11111 811. Ῐ
11111, 1. 19. 8111. 1610, 1. 1. 111. 111111. 1., 1. 8. 1111. 1711, 1111111)
-111111111111111 1111 1. 111611111311111111. 11111. 11111 ej.

111. 11. 1. 1111.) - &ignum 11111 1. 11111111111111118111
1111111 (111. 1, ³, 4 1. 6 1. 111111 1111111111 11. 11. 11311.

11). - 11111111, 11111111 1. 4. 31111111. 111 111111 (1111111.) 6111. ξ
1. 1111111111. 11111111. (111. 1, 7-91111. 1. 81111 111. 101. trien 111 ’
11. 3111111 111. 7 1. 11111.)

11111111 111111 111 11111111 11111. 111111 1111111111111,1.1111111
1111111 11111111. 11. ,1111111111 11111 1. &tien 111 3111114111·

1111111 11111 1111111.11111111.111111 1.1111111,111111111111111111.

{gammam 1. 11111111. (1111111111 11 1111111111111, 11 1111111111
111111

(U 111.) 111111. 1. 11111111. 61111111111111111. 11611111. δ. 117·- 1
311. (31 111 1111111111 (1111111111, 1. 1. 1111 111111111111111111111.
1614, 16101. 1617, 1. 1. 1111111111111111611101111111- Ι 1.
1111111111 111 111111. 111111 1111111111.111111111111 81111111 ’
11111111111111. 1111. 1. (11111) - Aet· 1111111 Theodoto-Pal*
11111 histor. (Τ. 1, 4, 111. 7 1. 11111. - Τ. 1-11. 1111111.-

Τ. 1 1. 6 1311111111. -· Τ. 3 1. 111111. - Τ. 1 1. 11111711 &t
1111111111 1. 11111. 1. 611111. - T. 11. 11111. 11111111 1111111·

111. 1.11111.1111111.-1.11 1. 111 amm, num}
111, 11111, 1111111111 1. 1111111

1

1111111111111,1111. 1. 6111111 1. 0111. 1. 111111111111, ’ἐπ

61111111, 1111111111ς -Τ.41.Θ111.1.1111111111 11111, 1. 1.
111. 1. 11111111111.) - Actu Sanctorum 7. 1. 1111 111. (111111) -

Actes 11 1111111111 111. 11111σί11011 111 ln Ptix (1111111111. Τ. 1 1. 4
(111111 4 (3111111). - Actes 11 1111111111 de 11 Ριίι do 11111111 Μ
(11111). - Actes, 1111101111 111. do 11 Pnix (mmm. ’1. 1111141 111. ὅτ.

1. 11111111. 1111. 1. XV 11 1. 111111 p· ⁴⁴⁶ 161· 17. a· Bam 811 XV.
p. 461 111ἱ 1. 111111 XII. ¹3¹..458 11. 111111.. - '

16611111110111111111. 111111111111111. Guil. 1111111111. 11111101.
1710. sol. (Pa. 1. Lib. XIX. 1. {tien Ρ. ΙΙ. Lib. xssu. Pu. ⁸ .
1. 11111). - van 11111111, 8111111811 110011011111. 11111111.

; - 111111111111111(11111);1-11111.

11111111 1111 111 11 611111 111 1111111. 111111. ,

111111 11111111111111 1. 61111111111111111111.11111111111111111111111 ¹
11 111(11111111118111111101-ῦ1111. 1739 111 1111. (wa-41.) ·- ln·
· 1111111111, 111111, 1111111111. 11111111 (111111111111,111111111.
1111111111 1111111111. 11111111. 111311111111111111. 1111111111 11111
1111 111 61111111111111.1710.1111.11111(311.ι111.)- 1111111, me,
111 1111111111111111 11111111. 111)11111,111111ι 110 1111611111 111

11111 1111111111 1111113111111111111111111-1111111111111 mm.

 

