452 11111111·

11111111111111111111. 4. - 1111118111111111 11 11111111 m Μ)
111 1111111111 111 11111111 11111 8111111 u. ῧ1111ι 1111111111 1111 auf*
1111111, 1111111111 1. 111111111111111111 111 911111. 1111111111 11 111111·
111 1111111111 111 11111111 111 1111111. 4. - 1111111111 ι. 111111,
11 1111111111 111 1111. 111111ῐί1111 1111 &tannen 111 9111 11111111, 1111
111111 1111111 ι. &teiam 11 61111111 1111111111,11111 1111111111111
1. 1131111. 161194 - 1111111ὴί11.111111111111Ε1111111111ι 1111-
gionis 1111111111. (1111111111 1111111161111111111111111111 confirmation
1111111111111111111111(1111111111.91111111.16094. - 1111111111
1111111111, 11 111 11111.11111111111111111111111. 111111111111Ξ1111
1111 111111 111ῦ1111111111111111111 1. 1111111111 1111111111 111111111111
1111111 (1111111 11111 1. 96. 1111. 1609. 4. - 11111111 111 1111 1111111
11111 111111. 1) 1111 11111 11111111 11 ς1111111111111111111111111111111111
ς1111111111111. 3) 111 111 111 611111111111111111111111.161114 - Gon·
foederation 1111111111ιίῶὸ 1111111111 1111 1111111111111111 1111111, 111
11111111, wenta, Dbet= ιι. 111111ιὲ1111 de 1111111111 1. 31. 31111
1619. 11111. 4. - 11111111111111ῧ11111111. 11111111111111111111111
11111111. 11111. 1619. 4. - ῧ111111111111 11ῧ11111111,111111111. 1. ὓιί.
161911 11111111. - Ε1111111111 (1111111111 in puncto 111111ουί1111·
1111111111 43:15 1111111111 (1619), 11111 1111 1111111111111111 111111 111 nm·
citium Religionis sub utraque 111 111111 61111111, 11111 Copia 1111111111
6111ιί1111, 11 111111111161111111111111811111111 1111111. 1619. 4.
- (11 pia 11111 ῧ11111111, 11 111 (1111111111 11 611111111111111111
111 111111111111 11111111 1. 611111 1161111111111111111111111. 1120.
- Ε11111111111111111111 ιι. 8111111111 6111111. 119111116111111-
rici. 9) 1111111111 1111111111111111 1. (111111. 3) 1111111, 11 1111111111.
611111 111 Defension 1111111111111111. 4) 1111111111 111111 1111111111
1111111111111111111111111111111111111111.169114.- Θ1111111111 .
3111111, 1. 111111. 6111111111, 11 1111 111 1111111111 111111111111111·
1111 11111111 9111111111 111111 111 6111111 1111111111. 1621. 4. - 111111·
11111114111111, 1111 11111111 11111 111111111111111118111111111111,
1111111111 11 6111111 1111111111. 1111111111 1111111. 1611. 4.- {Burs
1111111 11111111, 1. 11111 1. 11. 11. 11111111. 11 111 (1111111. 1111111 &fin
11111. 11111111 &blesum 1111111111116111111111 1. 191111 16341.
‘ 111111111111 1111111111. 3ο. &eph 1. ὓ. 1634. 4.- Soet 1111111111
81111111 ῢ111111. 111 111111111111111111111 111111 1111111, 111181111111
111111 111111 61111111 111 dato 30111111. 1631. 111111. 1631. 4. 1701. 801.
- 1111111111 1. 1111111111 11111111111111, 1111111 1111111111 1111111111
1111111111111 111 1111111111 1. 1111111111 11111111 1111111111 11111 11
1111111 1111111111 1111111111 1636. 4 1111111111. 11 Butler. Bibl. Jurid.
G. 14. §. 25. p. 6033 Gryphius in Appar. 1. 127 11; 1111111
11111111 111. p. 14 11. -· 1111111111111-ῧ1111111111Ωὸ1111. 1111111111
11111111 11111111. 1111111111. 1111 1111 1111111.11111ι.11111111 1111·

1111111611111(1111111111 111111 lamoensium 1111111111 111 111111
11111111111111 111 Δ. (1.11111111111111 Θ11111111. 11111111. 1113141-

 

