1111119399.

[3919939939191131116. 30-33 (1133313311 913919139191161113

1119139).911193999331190119909191311399 1903113 3133111191· 9

119919 3991919119, 333 dato 131911 Martii 1773), ,4319 .(Q 44119
1919 31191991, 9,9 311993. 1330), Q. 33 (3111, 1340), 1138311111. Q. 37
9331 199919919911.199199191391
1431). roo 1999111. 9, tuom. 3. 111919. 1191)]

31311133, 011133, (19399199130031113313193111999Β91113139391199 usquead
Philippum IV. Hiop. 1199931 131119 sigillorum 1193119 ropraosontata, atque
13 9191311 (1333 13331113 (111193, quae diplomatibus, scriptione 93119319, 931
9339113313 comprobantur. 313919 3133111. 1643. iol.

9319310033 (1939339139 11193111. p. 343 (,0110319193 1113311, 13113), 337
11 9 19119939319193319311.11,91(11313,319131139,11,11,1.91131-
99130991 θ93111349)3 409 4(95911913313311 31,3.193 1113311933. S 11, Ι1, Ar·

71331119, 0111, 09393199199 Comitum 3113111139 Pars 99933119 continens Pro-
33119399 XII. posteriorum tabularum, quibus, praetor 3119 stemmata, 913-
91113313311319331119313913391339313.11139,11193111. 1343, iol.

[Probrtt.p. 307 19, (193933, 8191931933. 31. v. (13311, 1111111311.
1603), 4371) (1619).)

(3 8⁸ Boiotro.) 3191111191 913 3131 9939911399019119111119 391 931613
99199391 6111191119, 1790. 4.

[39913993399143 Q-to 31111,91133-1793,1131391311119311113)
91991111111919911911991719(1111919933993113113131931349),
otton 399 911. 11111191. 1111131993). 131(319131311311931

931131111111, 1030) 133 (1111111, teo 11311. 3119111, Ι, 1703)]

IS· 8³ 8313193.) 3191191131 999 1131999 19191113 311 1311919319311 9919
ᾗ1991911943 9391 3911199991911111119119191393099913. 1191111,

919993(9911.30031003111., 99911391793, 3119111191 ior-mt
1311139313), 111, p. 1019. (1191, 319 31191191. 31999119. tono.
1343,11(11113,9,111993,(0119,0931311,119131,911ο3333
133313-14111ω9131333 313913. 1119311, 9111913119Η33393 11911911.
Β13311933,9991,Ε91139.011991119311911111.313193,Β13311,,1919.119
1111111331911111139131,1311113311113
1343,βξ101(1931),3019,1,331111 11.11013,1354.1336),33-34 (Uti.
90119 313191.) r. Β13311(1367),36ξ19993131111 9119399, 1131.
311119, 1119113, Dtto 13111199 ,3,99913 311 0191991131 311 19111
31993993. Qttbtr ιι 319 Qtttte 319 1111919911, 191919 1111111911 31993.
1131199,19913191991,1 319311. 1403. 33 (1433), 33-33111111111,
31999199111433).331911111313131111939391, 1111191191433-
1119119119133193 ang) 7019(1191.9.11131,1111..111933.1473).
711.(331319,31911319311.1473), 73- 73 (01. 39119999. 399113.
1431 113(10393113(191139,3191991,9,Β19311,13341113199,1111.
3911111311. 19993-11, 311191.1ο939931336),133(,11113, 911.
1013 Georgo. 1393), 13419. (sooch. Fridor 1333). 1931906115),
189⁶ss— 991 913 19911911191317198931. Irider. 1704 1703) 191- 300 (1131191
ιι, 119 1.1

3131143191, 1139, (1 11137), 1333193 311331913 993 trium 0111133319 S. 11133-
omo mutatorum. (1139111131. 1333, 1.) 391111, 19139191, op. 9191311.

 

