77. 71117117. 777

71171771171771111 11 771711 711117111111 717 1117. 6111717).

77777 ,7177777777 ,777771177717377717777 7

1117717). 7741. 6. 777-777 1711177711. 77171711711ἓ 771771 111711,
&affin 711 71117. 7711117717111711171111711. 171 ). 77171117 1711

711777 vonum! 1117117. 11711. 111 777711111τί1 ad cap. XVI. 771. Bull.
111711 11 1111111 zetis 17 documentis publicis 7117717 Argunt. 7111111-
1111 niaquffitionos 17711171 Unburgori· 17 Olevenburgen'n. 71111111. 1797. 4.

[7711771771 p. 71 (7117111111 diet. Romanus 771117Β111171117. 11
Lutatio 11117 Imperii 711117 Camerarius, 71771177. 71376. 77 (7717.
7.7111111.1711711.1.71 1. p. 171 (7171111. 71771177, 771171.
777771 7771117717 77777· 917777 ¹¹·
betxssflrufilffluttegletn 7.)37 1. 37ᾳ7711177717β1118178. Braegdtss. ι170077
1777.) 017111117111 7717 81171717 77111 711 afflatam. δ. 100
fflssroegt· §mato ῃὲυέῗτῗιὲξῧῇ, 717 7117. 71177717171711111,1.
77 7 71

Μ·-

7711 7711111 7111111111 711 7111717711 7111711.

71117711 77111711.

81717317, 711717111111111111 7111ιί111. 7117117ιιιῶ111117117 711 77·
1111 71777771 71117117 117 7111 7771717.71771777117717777117, 11777
7771117711 7717777111. 1737-1777. 114. 7711(7.1111-11ο71111.).
7717. 1711 Θ. 77 777.

[711. 1: 1111111, 1. 3. 1111-1111 (117 Q), 1. 1 7111111 711 11111,
1. 1111-1111 (7.1-1111111) ι. 1. 1111-1111 (7.7117-1171171117
71. 11 1111711111 1. 1111-1141 (xxxvln 7.) 11717111, 1. ῖς. 1111
1111111771. 717111-1111717177·
117 71177 1. 1771-17777 777. 71 1 17111 7. 1117-1776 (XXXVI 6.)
1. 177 77177. 1. 1717-14117. - 7171 7711771 7717. 71 71171711 671171 777
1. 3. 1777; 711111 771711 77 117 7111 14. 31717. 71711 1671. 117
711117. 1471117 77177. - 177177. - 117 1771777 7117171177111
717 71177111317117 111 7117717711 711 1. 1. 7. 77177117· 711
7111171111 717717117117171. 7771777711 ,771117 ,77177711 ,7771177
711 7777177711 1. 7717117117, mum, 71111711717711111111117· 711
7117117717 7. 71117117, 61117111, {stammam 111717111177711
171771711..77717777171777777117777771
1. 711 &tantm 717 717711711717 711717711777171171161777177111
²153, 71717711, 777717, 71711. 7771111 1. &bonu 7117777711 (711 1. 7771
1 111711 71177) 1. 7771711711 ee 1111; 711 7111711 7177117 711
gamm 1. θ711111111117111. 7. 77117111711177171111. 1711; 711

111 11 7. 177. 71717711. 7717171, 7771717717 711 7717117711 111
affl, 711711, 71711, &mim 111 7777177711 7. 711711, 75111, g

771Ιό1 711771

 

