3177177111. , 473

1171177, 3., 37117117 177 otim. 177 61717777171177771 171771117177177·
111 1-1613). 177177. 7 117717. 1333 7. 1346. (1171. 177371711711111777
11. 1117171171373. 111. 77. 6. 7011. (b. 7. 11111. 7711. 177 1671711111
17171.) - 117171, 1711111. 1777177- Vrodii Genealogit Comitum Fian-
717177. Probum - (16771177.) 117717. 777 71711771171777 171 1171117111
777 6711171177. 11711. - 1117111, 111177. 117117. 777 (11771. &iiii 3711117
7771711771. - 117777777, de 3777777717. civit. ankoi. — 111. (1.
1111717771) 11777 6171111117 11117717 17711111171171 (117711. 7. 67171. 1775
4171111311 7. 7 1171117761. 11771711). - 111171777161.
111117, 117117 77 677717171177 1. 1711. 3177177111. Dia 7. 1117177177111.
(671171. 1733-33.41117.)61.1-3. - 1117771, 1711. 6771716711. 1177
17771771. 17 iii. 7 7. 3. - wouh, (1711777177111177177117771717776777
maiiix. - 7. ῗ1771717,ὲ1ἱ;177ᾶ117 &imagini gignit* 1. ili. 161. 7.
- 77 777777 77777, . 7 oxi 77 777 nm empmomm.
1667. - 1177171773, 7171177711177777. ·- 11111771, 1117111. 1. &tabi
1111711177. 11711771. - 111111111777777777. cod. dipl. - 1117111716,
Ueii). 7. 67171. 11. 7.- 1117711, 617171.117117111671773111. 1796.
- 117111, 3. 67111, 11711117717771171177 &otuu 7. 3717171. &ntum
1376. (671771 7. 16 utu. 1. 1017-1617. Q 223-250.) - 1177177, 17-
7771771777 7111177717777117717177. - 1177117717, Thuring. 71 111717171-
(117 717. - 371777, 6. ss. 6., 1117 1117771777 7. (1171117771 177 &tabi
6777777117 17711 117 6177771777. 7171171771 171 1117177 7. 117 &riuti 177
471117. 6717171 1717177171 11111. 371171. 1341. (Q 57-124 1171. 1717
11711, 77171111 117 7177 6771171771 177677111171117 171117711771117771 177
311117. 671717 m 7777117717 17 1177777177. diplom 17771177 17177. 71711
177711.) - 1177177, corpus 6777117777 pragmatio.

0177177171.

1171777177 1177 117 13177177111 117177 1111 177 177717617711771177 17
&tabem 177 611111771117717 11171177 177 1177771177 71177177
177 617117711717 7171117717 671177717177177ς 17 1. 3117
1777117177611111111711711171. 7177 77177 6. Θ. 6717771 11711111 fles
7771117 111117111776777771771 777117111717 1717117171 177 1177771177
17 &titiam 177 6. 177717117177711771. 6171111771. 11771 171111 117
ὓ17717711111717 1171711171αῇ 177 1611177171. au 11117111 71771717771711711117
1171771771777771 177 117171. 17711177177111 111 1777 3. 1633, 17771 117
677117717777711711777, 6171, 6771711771, 37171, 7. 17177,
6171177, 1177777777 711. 171777771717711.

67777777,11771117“ι177 117171 17717 177 &immiti 1313 7711171777 117771
11711 177 1177117717 11771177 7. 11171177 117117 67111117 177 wa
177111- 11. 677111111717117. 136161. 3ο. m. 733-303. 371-306.
7. 17 11777777711117117. 7. 1317177111. 1171771777 (1371) 1. 1171.

 

