314 1111111111.

(1111111111Ι 11 111ἆ1π1111111ὁ 1. 10. 111111 1188. 111 11111 1111111111
1111..111111111111111111131811111111
But 11111. 811111. 1111111111 111 11. 111111 1851. ,11 f& 411-410

(1111111 11 111111 111 11. 111111. 1111111111 1111111111. ,1111 1.
11111111111111111118111111. 111 11111111, 1111111 111111 31111111
1111111 11111111, 111 111111. 1708; 11111 11111111111111111111
11111. 1.). 411-481 (11111111111111111811111. 1111111111 11. 1. 9.
3111 1788). 477-480 (111111 1111. 11811111. 1. 11. 1. 3. 1781, 11111
111 1111111111 111 111111). 11. 1116. 510-851 (1111111111 1. 811111.
111. 17491170-171 (1111. 118 81111. 811111111111.111111181111.
111. 1. 1111111, 1111. D. (1111111, 1. 3. 10911]

(81. (1. 8111. 1. 1111111.) 111111 1111111111111 1111111 1111 1111111111. 11111
111111 1. 11111. 1791-94. 1 111.

11. 2: 1. 11-94, 84-97, 9711. ((11 111111. 61111111 11111111. 1111·
1111111111111.111.111111,11111.3111111 [1111111131
11111111 111 (1111111111. 1111111111111111 1111111111111 1111111111 1111
{ngffggfebkssgtqq‘tgnssae 11111. 11111ῗ11111. {buxitum

1111111, ξς. S. (1 1781), 111111 111111111111111111111111111111111. 11.
81. 114111.111.11111111’1 11111111 111. Τ. L p. 101. 111111 11111
1111111111111. 1. 11. 11. 4. Ε. 104. 11111. 44.

1111111, 3. 811, 111111111111111111111 1111 81111 1778. 1111 1111111111
111. 811111. 1. 111. 1779. 4.

111111 11111. 111 coenobio Bordisholm. p. 144 (1114).

311111811111111111111111’1111111111111111 1111111111 1111111111 111
111 1111111111111111111111 (1111111111111111111111111 11. 1111111111
8111111111111 11 1111111111, 3111111111 111 111 111118111111111111,
11111 11111 111 11111 31111111, 1111 1111 11111111 1111111111 6111111111.
11111 1111111111111111111111111111111111 111111111 1. 11111111. 11111.
1787. 4.

[p. 1411111111111111. 1111)]

1111111111, 111. 81, 1111111111 1111111111111 1111111111 111 1111111111
11111111111111 u. 1111111 1111111111,111111111 1111 111111111111 1111111
111111111111111111111 1111·1111111111 11 111111111, 1111111111
11111111111111111111 11111111 1111 1. 111 1111111111, 1111 111 11111
1111 1111111111 8111111. 1. 11111 111111111111111, 1111111111 1111 111
1111111111111 1111111111 1111111111, 11111111111111111 1. 1111111111 nim
11111, 111 1111111111 111111111111111111111111111 1111111111, 11111111
111111111111111111111111111. 11111. 1711. 4.

,61 (1111111. March. 1111). 17011111111111111011.8111111111ς.;
1111111. Son. maritus 11 11111111. 111. Nat 11181 1111111111

111111,Ῐ ὃ111111 §mlta 1111111111111111111 0111111111, 1111111111 11111

111111 1111111111 1111111 111 (1111111111, 11111111111111111111 111· ¹

11111111 1111111111, 1111111111, - 1111111111181111 1871111111111
31111871- - 11111111111111.1.11. 811111111180. 811.

 

