111111111111111111111111
61111111113111511οῗ91111111111ᾒὲ311111ῗ1111111111τὲἔηῖ111111
111111111111111,1111111111.1111
11111811113111111113 11111 11; 11111111 111 311111111101111
. 1341. 1111 3111111111 111 11111. 1111111111, 11 tetthen 11111111. 111

11ἕ11 111 111-1491111111 1111111111 11111. (11111110) 1111111 1111
14, 111ἓ, 111 1111111111 1111 19. 1111111, 1. 1111111111 3111111

13313 1111111111, 1336 (6 11111. 1. 1111111111 , &tincher , 11111 ι
1’11111.111111111111111111111·
Ἠωωώώωωωωπππ
1360, 1361, 1363, 1363, 1364, 1365, 1366,1367,1366,1363, 1370, 1371,
13731374, 1380· 1414, 1155114110 1433, 1459, 1460, 1433, 1464, 1481,
1466, 1438, 147114911497. 1111 11111111 11111. (111111 1111111, 11ζ1111 11111·
1111) 1111111 1113. 1310, 1351, 13341. 1³723 1111111111 111 1. 1.
- 31111331ἒέ 131 131. 1311 1311311111 311 1131111
3111111311 1.31111111111α111111111ἑ113111111031111111]
3111111 ΙΙ., 111111 1111 1111111111 111 11111 1111311111, 3111111131·
1111111ιὲ11 111111 111 111 1111111111 111 311111, 111 1111111 1. 111·
11111111111113“111’11111’111111113113113111133
11111111, 111113111111111 11111111, 111111111111 131131111111,
131131111313111131,133111111331111111 31111
111 311111,,1111111’11111.2“,11111111 1) 3111111111111 u. 111111ᾶὸ1 ¹
11133 ,113111111111111311 1111113131113111
11111111 111 1111111. 11111111, 111 1111111111, 111111 1. 3111111 11
1111 1. 1142, 1141 1. 1119, 1111111111ίῲ 111 111 11111111.
1111. 1. 111 1111111. 11111 11 1111111111). 1111111 1111111 3111111·
gangen 111 1111111 111 111 11111 ιιι 111 11111111(111111111τῦς 1111111
13133111131111111111111111313111331111, 313
3““113131“1311311.1ε 133311131111333 11111111
1313111111, 1111, 1111, 1111, 1111, 111, 11111111, 1111,
1111, 11111119, 1111, 1111, 1111, 1111, 1111, 1111111111
1133111331,1113113111311, 31111313311331
1111111111111111111. 3111111111, 1111111. 111 31111111, 11111 111
11111 111111. 1. 6111111111 1131 111111111111111.-;1111 111111111-
tar. 11111111.111111111111111 er 11111111111111111111111111
1111111111 111111 31111 mat 1211111 111111 111311 1111111111,

1111111111, 111111 11111. 111 1111 11 1111 1111111 1111.

 

