190 01199099

Cultu, 111. ἢ, Diplomtnin 1919919 1199911199 Β9991199099999919. {ut
099 11911999 9919991919199999999. 90109. (790 9. 999 ὅ.) 6919199091.
1765-1767.

[1110. 1: 1. 1019199919ι19ι9919119119 81999191 9019 11911, Νι. 1·-
114, 9. 3. 1943-1991, 9991199119119 999 099 9119 99. 9. 1119990990.
9999 3911 9999911911, 09999199 191 91991 19 11999 991199οι999 1111919991
1991911991019 919019199091 9. 0999919991999919199, 919199 190991
991 019 9119990999,(09909199991099999999999991909,
9919999, 9919 Νι. 7, 93, 99, 31, 39, 39, 49, 49, 90, 91, 99, 91, 99, 70,
79, 79 9. 93 991 99919999 90. 9119 91199911199 611019 90. 019 11119
19991 1109919991, 919199 99919111 99101999199919, 9919 Νι. 99, 79 9.
79, 990111) 919199, ι919 Νι. 9, 43, 99, 103 9109991 0191999991
1909919991. 1199 911 eminerem 39199919 1190 0919909199 Νι. 43, 9. 3.
ι99ι, p. 109-113; 199. 99, 9. 3. 91999> ιιι-14999. 79 ι. 99, 9.
3, 1419, p. 199-1931. p. 1-919. 11. iplomatarium civitatis
8011999191 91 monasterii S· Spiritus extra 199999 eiusdem
civitatis (Nr. 119-171, 9. S. 9. 1990-1999, 99999199991011911.,
9. 1319-1999, 999 099 099991. 01199199 9. 99990999, 99119999 999
9. 9111999919οι9 9. 9. 0. 9119199099 9999911, 09919199 1119ιὲ99
Νι. 199 [09191999οι91 9. 169 [0919019909199991 999 991019 1.
9919199091 9. 099 0991199 mog. 9 1911. 919111. Νι. 1999 ,11199 9119 0191191991
999 099991οί999 01199999. 1999119 99 9919999091 4. 1471. ιι. 1999
1999991 99999199 1199009909 9. 099 99999 39119 99199999999, 914999·
p. 371-399). p. 979-499. 111. Diplomatarium monasterii Di·
storp (Νι. 179-900, 9. 3. 1199-1499, 99999191 999 Νι. 174, 9. 3.
1999, 999 0. 09991. 01199199. 9. 119. 9999911, 0919. 999 0999191199
119911. ,499-499. IV. chartularium 9 Codice chartaceo: ,Regianum
in (198199911991 und 99199119 A. 1444 angebobew‘ (091990. 0919191919,

19109901999991919910. u. 09991. 999199, 999199 019 9119191. 91919919.

9011999 9911199 9. (119199 9999199, 9911911.) Archivi regii Berolin.
1Νὲ 1119ιῖ339 ’1911911ιῖ49 1919969191ῗτιέ’19291319”9ῗ1911119ιῖ19ῗῖ9ὶῇιῖῗὲ
9. 9. 9. 0. 9919199099 ,111999919099 9999 9. 11). 9. 491-
946. V, Chartarium 9911111919(19.19999(Νι.931-949,1131405
-1911, 99999199 999 911911, 9. Νι. 939-949, 999 99990. 01191199. aues
99119111, 09919199 191 9910199. 9. Saffum Νι. 939, 9. 3. 1479, 991
11111111111191019911111·1119101911·11119
09999 999 19990990. 11991. 9919911; Νι. Ι990, 9.. 3. 1979, 1109191991 019
R. 991909. 111111. 0. 0199 19 09199199 99911 019 19991919 911919161909
9199099919, 019 9119991. &tante ιι 991. 19 Νι. 994 9. 999 019 61.
911101111999019991990991, 9199990991,699099999199199,
(9199091. 999999919οι 99099099, 0199119991911119911191119
Νι. 979 u. 979 9. 91919199 11011 9. Νι. 949 9. 990, 9. 0. 3. 1999 91490,
0919. 8019ῐ)999191911999 9991119119 Νι. 9999. 999, 9. 3. 1447, 019199
19999· ιιι· ..9919 999. 99999 19
991919 09911. So . ΘΙ 199. 9. 9 6119. 099 099991. 1199099999119. 099
119. 1199991919. et 9119919911 9. 99919999 9. 1109119 099 1111999991
9. 9919 ιιι 19099 9910191991199 99 11οωὶ9199999 Δ. 1910. 99191199
1019199999 99 (1991919999 991191191οι 9099 999099). p. 711-790. -
90. 99 1. 1>1p10matanum 919ι19119 8199091 (Νι. 1-99, 9. 3. 1990
-1192999μ19996911, 99911099119991991199099 91990911 199; 14 09999,
ἱ19 9999 9111119911ὶῖ01ιῖῗέἷὶξῗ11ι11ῗῷιιῗῗιῖ1611Ῐῖ1ῗῖἰῖ

 

