11, 1111111111. 111

mm, 11. (1., (11111111 61111111 111 1111111111 111 1111111111, 11111111
111111111111111111111111, 1. 61. 111111. 1111. 111111. 1111, 6, 11-11
(1111 1111. 11111111 11111111111 5. 3. 1455.)

sistet. 8· 1., 111111 111 11111111 6111111111 11 111 311111 1114111111.

&effi 1815- 1119. 91 11111 11 1 111, 161111111 55. 1111111111.

[111. 1.1,11(1.6,1-1(1111111111111111111 1161111, 1111, 1111.
1,1111111ι1,111111111111111 11111411-19 111111

8111111111 1111.11111111111.111111,111111.),1.,111614
5555 ,1 55555555 55 1111111111
111111111111111. 11111111 1111111111 1111111111. 6111111 1111111·

(11, 111113Ἷῖξὲ 11141911. (11111111111111111. 111111. 111·

11111. Mt 11111111 111 111111, 6111)(11. 11111. 1. 1ο. 1111. 1111).
1.1..11611-11 (1111111111, 111111, 1111111 111111111111111,
&Mt-‚551 ,5555 ,61111 1111111111111111.11111)-111.1ι1111.
111-114 (111111111111111111111 11111111 11111. (1111111111 1116111
1111111111 55 555555.555 111
111111 111 5555 111111.- <5
555555 111-,11111 555555 5
5⁴55 ¹555 5 55.- 55.- ,111 1111·-
6.]19-111),111-191 1111111111. 111 61111111, 5111111111
1111111115) 141-151111111111.1111111111.1’111111.1,11,11111
11111111-1151111111111111611111111111,11111111
111-161(6111111.111.111.1 1111111111111111111.111611.
555· 11 5. 55555 55. ··111.1.1111’1 111
111111 6111111111, 1111 111 1111111111 111 11111111. 11111 1111. 1.
ἕτ1ξ11111181152111 ἒ11111ῢ11ᾓ111111ῗ1111311ξ11111111 1111111θὲ11Βὲ
((1.111 1 1111111. 1111). 111-1111111111 1111111 11111 111 11111, 111·
11111111 ...11111 5555555555 111131 55¹5
17111 ww& ι111. 11. ἒῗιῑή. {55⁶5 111Ῠ1ΦῙ111116111Ψ 11118131.
91111.1111).110-11111111111111111111111 111. 1111111111. 111
555¹? 5555 55 ..1111 11 1 1111... ’'³¹” '5²55 „5⁸¹5ss
,9.116111. 1111- (1111111. 111111111111111 111 11116111( 1111 111
-111 (1 (111111111111111 1111 111 11111 1111111111111111111 111 1111111111.
1111111111, 1111, (11111 1111111. 1111111111 111, (11111111 1111111.
111111111111111111,1111111111.111111111.1 111111.
61111111111111,1.(1181Μ111).111-190(1.11111111111111
1111111 111111 1111. ι (11611111.1111111.1.11.111111).-
19111811ῗέ1. 3⁰55 99046111(111ὴῶ11111111111ι1ι11111111θὴ11111ᾐῦιῗιῗΙ
111111· 111111 111111(11111111,(1111.1.19.3311,1111),111-114
(11111111111111111. 111111111111 1.1.811111.,1ι1ιιιέ111ι
11111111 1....,118111111 11111111, 111-116, 11,

 

