m

347. 498. XIX, 66. 416, XX, 309.

-7. 7667117, 7, 473-477. -

3. 66671171 11, ,367 366. 111, 176.
143

1. 6667117. 1,377. 376. 474111, 103.
606. υ.606 17, 361. 867, 460 7
477. 478. 479. 71, 163. 386. 711,
mmmfflmmm
*mxmnmm.m
ffljstwmwmwml,
nmmfflmwmm
477-437. 771, 104 113. 7711,
130.301.117111,46. 477. 600.
XIX, 66. 103. 418. XX, 170. 311.
-mmw,mw.-
3. 06171171 11,,3366--337

1661171171, 763. 17, 363. 613. V,
479, 480. 71, 334. 366. 711, 316.
111, 746. 437. X, 166. 111, 176.
190. 777. 441. XII, 118. 778. XIII,
98. 438. XIV, 460. 467. XV, 483
-436, XVI, 107. 7711, 377. XIX,
107. XX, 90. ³11.— 7. 60117117.
7, 473-437. - 7. 6667117. 11,
893-397.

1434

1. 666 7117. 111, 760. 606. 7, 733.
430.171,1647111,460.111,746.
XI, 447. 443. 444. XII, 113. 117.
mmmm'mm
467. XV, 436. 771, 170. XVII,
mqnnXssummn,
mam-mmwmffl
VI, 194. 137. 179. 180. -
3176117117 II, ,ξὲ8-404.

1761171171, 601.111,607.603.17,
148. 144. V, 798. 481. 711, 717.
17, 747. XII, 130. 463. XIII, 436.
488, 603. XIV, 463. XV, 437. 438.
mmmmm'mm
303. 366. XIX, 67. 103. XX, 36.

-.7 661 7.117 7, 600. 71,
131-137.- 3. 666 7117 II, 404
-407, 409.

1496.

1. 7667117. I, 133. 376. 376. 11, 37.
mmmmmmm
VMAMQWMM.
VIII, 467. 464. 111, 747. X, 166.
XI, 191. 743. 446. 446. 1111, 338.

4647111, 433. XIV, 463-466.
77, 433-’443 XVI, 603. XVII,
183866117111, 346. 479. XIX,
mumm4.wm

ww.

71,137-141.·-3.67117117 II,
331. 408. 410-416,

I. 6611 7.117 11, 1197111603. 17363
7,766301. 307, 71386. VII,

717. 379, 880. 7111, 466. IX, 748.
433. X, 167. XI, 447. 448. 460.
XII, 46’4. 466. XIII, 438. 439. 440.
XIV, 456-459. XV, 441. XVII,

189. 804. 867. XX, 713. -
7786711. 71, 141- 143. -

3. 6611711. ΙΙ, 41.6-413 111, 173.

178.
1488.

NJmmmmmmm
mmmwmmmn

774. VIII, 466. 17, 743. 760. 71,
460. 711, ’466 XIII: 440. 604. XIV,
469-461.117,447.’,1171 604 606.
606. XVII, 111. XVIII, 766. 600.
wmoe.- &ww-W&
-161-36611711711470-
466666Ὴ6

Immmwmmmm

111, 607. 17, 367. V, 307. 433.
484. 486. 486. 487. 489. 71, 71.
77164. IX, 360. XI, 461, 467.
1111, 78. 119. 468. XIV, 467-466,
XV, 449. 443. 444. XVI, 171. 137.
7711, 133. 333. 77111, 46. 47. 43,
91. 97. 198, 766. ³49. 430. 431.
603. 604. XIX, 67. 104. 470, 477.
433. 474. XX, 314. 444. -

7..7611711.71,161-164-

³. 34.711.ιι711 II, 473. 473177, 111,

66161 7 761111 111 16. 36717661,
I. 7677117. XIV, 773.

6111 bem 15. 3671711116.

XX, 446. 447 777. 0
1600.

16617717 11, 166. 734. V, 436. 437,

490. 491. 71, 76. 166. 7111, 466. 467.
IX, 361. 766, 483. 496. XI, 463.
711, 466. 7111, 733. 717, 466-
476. 77,446.1’171,607.603. 610.
7711, 37 306. XVIII, 77. 767.
6.ΜΜΜΜΜᾺ
mmm mmm,
1wmwawmssm
444. III, 134. 137.139.140.141.

61600.

I. 66117117. XV, 447.

1
1

l. 66117117. 17, 767. 763. XIX, 106. ·

 

 

