1188181118. 437

818. 38888. 1788. 1848. &t 18. - 88118188 88181. 68811111. 8. 1. 81.
118. 8. 8. 111181.81111881188.1.18. 88. 1. - 8811111818 81818, 8. 1.
8188188181111818811818 8... 8881861188 8. 1. 18. 8111111188. 1618. 4. -
1188118118 818 8811111818 1818111. ibid. 4. - Harenborg, 11111. 888188.
(18888888888181888 - 8811118188, 1111188. 11811 811 8188118 8. 8888.
- 8811118881, 3818001888. 3881111118 8. 1888188888 61111188 11111 ,
1888811888. 8111881. 68188. (1843). 4. -· Haupt, 8888881181881818. T. 1.
- chr. 1118. Η8111811,81888. 18. 188811. 1188888888, 11188. 88 81118-
8881881888 Ρ88188881 88 provinc. Rugn'ani. (8818 1188888881 Progr. 88
Diu. inaug. 118181ςί188811188. 888). -— 188811. Andr. Eelwigii Progr.
88 888 8188888 1118181888, 881118818888. J. Η. 118888 88888188188188·
mentor. - 111888. 11188. 88 immunitatea vectigali 8888118818 181 Rom.
88 8881888888 88881888888. - 8188811188881888 militari. - 8181·
811, 88188, ξ188188188881811. 18. 7. - Β. 11888181, 118 8811818118
888888881888881 8188888888 (1881. 1188181111. S. 81 fide Boguslai XIV.
Pr. Pom. 888. 81818. 163114. - 11. Henninges, 18888888888188188188-
888. 15881. P. 1. - 1188. 8. 8111118, 111111 Ι111111. 1. 811118. 8. 1188888
8118181. 1118181181 8. 81118181888881111. 18118118. 1181.- J. F. 11881118,
Dias. 88 alienatione 1181888188. 8 Pom. ducibus 18818. - 3. (5. 8111118,
811181. 11881. 8. 8. 88118888 811818 (881118188811811 18 8. 818111. &teta
8111 81181111. 68118. 1718. 4. (1188. 8. 11888.) ·- 18111.,118118.61.
ὓ181811. ammaum 8. 8. 118818.1188811881.Ε·1111818.- 11111111 181118
818818. &fite 8181818, 8118. 8188. (18818. (18881188 18 8118. 81118. 81881881
1181. -· 1111118 811888. 81888, 8118118111811 811ῢ8.1111.ιῶ818818888811
1118 81888818 18 1188181188 8111Ρ8181188118 8. 811818881118111 11188881
1111111111· 8?- 8· b· D· 1726. ⁴· - 18181.. 11188 8181 88818118818888111
Erico 11. 81188111 1181818 1111183888 818 88111 8. 118. &teth 4 8. 3. -
18111111 81888118 8811 881 8888118111 181181 888 888818888111 18 818811
181811 8118888188 111. 68118. 1788. - (1188888888.) 1188888 888 1188118 88
S. laj. Lo 118188 Ρ88818 88818 nuche 88 Ρ8888881118 888. Borl. 1771. 4.
(8818 18 8.118888118881188881.)1111111.1 8811881888 8118111881 δι.
8881. 1111). 8181181118 8818. 81118888. 1188111818 11118. 88181. 1771.
- (1188888888.) 88811811 818 8888881888 888. Τ. 1 8. 1. 881. 8818 ὃ.
11018. ·- (8188188118.) 81118111 8. 8181881881811. 688118. - 818·
1181118 (8811811188 1111118188. 1. Q 181111888811111111881818. Tb.
4. - 88818, 8811881888. 888888181861888 v). 1. - 8. 8881118188,
8811888818188188818888.11888. 8. - 8. 8881118118. 88811 1181811818·
8118. 8. aba). (18111) - 88118 8. 8. 11118181, 3118188. 11181818111881
8. 1. 18. 8118 8. 1. 1181 88111 ὅ. 131 188. - 8811818118, 18181 8118·
8818 8. 6818881881. 81. 111. - 18818. 88181188 1111111181 1111188881·
188811, 1881188181118181. 18111118. 8. 811888 1784-88. 8 8811. 4.) Tb. 1.
·- 1188188181, Η181. 188818. dipl. T. 8. - 8818, Tema 8. 8111111ι
81118. 8811811188 818 8181111.- 888111811, 8888188818 81181181118111
888 8118181818 818 1181118. 811188 8.).18. 188. 1 (8818 7 8. 8) 8. 1
(my. 8). - Engo, 08818181888888888811.Δ8118188. ’1. 1 (1188881.) 8. 1.

 

