470 00010000.

010 1000110000 011 0001 00001111011010101 0000001000 0010010001ἱο
100000 001010. 1000. (ὃ. 017-700 01000000 000 1011 1000 11011. 0. 1100
-7040, 000 00000 700 010000 0010 00000001 100000.) - 01110000, sit·
10011010 0110000010. - Analecta saxonica, 01101οα00 000 11001. 01110010
00000100 1111000οη, 0000011011 u. 1. 01. 01100000. 1700 01760. 104 1011111
- 1101000 01010001110010000 00 010 0111010100 u. 000 00011000 010οε
100. (00100. 17771111. 0. - 1. 00100, 0100. 00 00010010. - 10100,
0100.οο100100.1001.1.000. - (0000001101 1000.) 11001110 01001
0001101010000101111011110 001 ὓο10100110, 00 010 0111101010 0. 0010011001
1101000001 0000110. 1740 100. 0 000. 1101. 010. 1-0. - 00001100, 0οι
1100010. 01100000. 0. 11100001011111010. - 0000011 0101. 1000000.
0100001. 10. 0001010110 110111. univers. Francos.) - 00101000, 1110001·
100. 100101. 00001 00000100. 000. 1. L. VIII. Epistol. Vol. I. 1²2. I. 00. V.
(00101. publ. 00 0000110111 00001.) - Batonis 11100. 00 8000010010 0.
110011οι0, 10 Deliciae ,10110 Siloa. - 001111, 11ῖο., Laurea Austriaca, 000
110. 1111. 00 00110 German. (111. 1017.101.)1,10.0. - 0110000010 000
0000001001ιο 001 01011110 00011010 &afim 0. 010 011110. 010110 1010001.
0100110. 1047. 1011011100. - (0000100110.) 0100117100 000 11101000οε11
0. 00010 01110010. 0111 1700-40. 4. 41000. 1101 100. 0. 4. - 00010000
000 0110000101000100 0. 00000000101010 010 01000010001000 ὓο1110οι
110, 001 000 011001 011 001000010001101 311100. 10101. 1777. 1. 0. 7. &I
0011011110. 01000010. 1770. 6. 140 10. 1770. Θ. 104. - 000001, (10·
0010101. 010010101110100100. T. 1. 0. 0. - 1000011001 0000100001
000. - 0010, 1. 11, 11100. 00 1010 01000100 01 nundinarum civitatis 110
01000. 0100. 01000. 0100. 1700. - 8000000001, 1100010. 81100111.-
11101010, 0001000000, 110000001111001111000111101000101.111011. ·- 000οι
0010, 0010). 0. 000101. 01000000. 000. 4. 1110. - 1100110, 6101011101
0101101000110100. Vol. 1. 0. 4. - 0. 1110000, 10010 0. 000100 0010001
- 001100, 801100 11100000. 0010110001. -110100., 1000 1100001100 (000-
000. 1000.) T. 1.- (1010000, 1. 00000, 10010010 Fatorum 011100100-
nium Dbet 011100. 6100110100 001 01011000 111110 0001061001 000 0101οι
0101110000 ὓο00100110 311100, 10110. 311100. 1710001. 110100. 1-0.
- (1000100001, 10100. (1 1000), 00 0010100 0000000100 00001100 su·
perietis 0101000000οι civitatis Lnuban„ 1010. nbc 000 00100000 (101-
1001101.- 00001001, J„ 01010110011000111010010101.ΧῙ1 1100001. 1000.
1001. 1.. 0. - conringii 0000. ’1. 1. - 0001100 00001000 Imperii
Rom-German. Lib. II. 11010101. 1004. 4. 0100. 1070. 0. 1100. 1000. 4. -
cremori 00 0010. 01 rob. 0001. 0010οο10οι. 00100. 1000. fol. 0. 0. 01010-
1100 800. 101. 0010010. T. 0. 1101. 100100110100010111111.Θ.100. - 010-
0011 01101000 10001100 010. - (10011001, M„ 1111011000ιοοο11οο, zue·
01001 000 0001 0001001000000131001100111. 10100. 1710. 0. - 0001010010,
000. 01 Act. pietatis 000.110000.-00010100. ·- 00110111, Tae (00101.
0. 0. 0. 6010ῐο10000. 1100. 0. TI. 1. - 17011, 00 0000 10000111 publ. Lib.I.
00. 03. - 11001010 001010000οο 0. 8. 1044. Im 001000 Iuris 010010-
’010110 0010010001. 1000110080001. p. 110-171. 001. 0. 01111 ,0. 00001- 0

 

