9999oe.

1,1111111.11,19.1111,171. 171
XIII, 214. XV, 19. 91. 99. XX,
299059991, 111. 114.
1111111111,111111.-
1. 1111111. 111, 9.

1. 61111111. 11, 111. V, 41. X, 914.
11, 9. 909.’11111,91'9.919.’x19,
11 111141-111111111,
116. 119.120. 121. 121.

1. 1111111. 1, 1’1’.’1’41. 441. 449. 11,
991. 449. 19, 40. 9, 999. 9111,
114. x111, 911. 1111, 4411111, 1.

1. 6111111. 1, 949. 111411. 491.
111 111441111111111.
· 114 1111, 111.’ 111. xv, 99. ’11,
111.- 9. 1111111. 1, 199 199.
411. 91, 19.
1919.

1. 901999. 11, 111. 9, 40. 9111, 990.
111.11,11’.11111,11.11.11
199.- 11111111. 1114111.
111.111.111.11,14. ’11.

1. 111111. 11, 9557911, 949. 1111,
990. 499. xv 99. X,91 404 xv11,

411.-1.1111111.’1,111.111.
mmmuw

1. 1111111. V, 41. X, 499. XIV, 14.
15. XVI, 404 XVII, 49. XVIII,
99. XX, 111. - 1111111111,
1641111166.

1wm999,9.99
XV 14. XVI, 405. 406. -
9.fflm.flffl.m.

1mevnmmm4
mwwuwwnm
111, 417. XVIII, 919 1.111 1111.
1,162-141.111,17.16.-
1111111111 11. 194 1114

1. 901 111 111, 94'9. 9, 41, 111.
xm, 199. 991'. 999. 111'9, 95. XV,
99. 9⁹9. XVI, 991. 407. 1’1911, 45.
XVIII, 449. XIX, 66.· 11111111.
1, 146. 144. 149.149.149. 149149.
111ω1-111111

1. 61111111. 111, 94. V, 49. 44. 45.

667

9111, 119. 176. X, 111111111-

60.1111,26. XVII, 46. XVIII, 1.

XIX, 174. XX, 199. 191..-

9. 9’0999919. 1, 199. 114. 199199.

111,111.119.111.111. 162. 490.
1162-1266.

9. 11111111. 91, lg.3

11111161. 11, 999. 91, 99. 91. 1111,
466. XV, 99. 99. XVII, 4. 99. 49.
-1.1111111. 1, 166. 194. 199.
199. 170. 171. 172. 176.

1. 1111111. 111, 14. 9, 41. 41. 911,
409. 9111, 171. X, 919.11111,999.
XIV, 11. XIX, 7. ·- 1111111111.
1, 114. 111, 111. 190.

1.1111111.11,111.11,411141.
11115114114111111,1111111,
111111114111111,
111... 9..90u99 1190191.199.
166. 164166. 4.

1266.

’ 1111111111, 41. 9111, 111111.

11, 111111111111111111,
9. ’111, 199 449.- 9. 1111111.
1, 199. ’111. 111. 111.

1.11111.1,141.’141.11,1111,
41. .'.9111 111-111.1,’.111111.
11,1ο111,111.1111,111.114.
111, 1111 11111, 111111,
194- 9. 9009909’9199.190.
111,11.-1..111111111,11.

1M991w999ffl
406. 9111, 179. Χ, 466. 111911.
XIII, 160. 224. 999. XV, 39-99.
111111,11.1111,116.-1.11111111.
11111111.

1999.

1611111111. V, 60. 269. 290. 604.
911, 949. VIII, 160. X, 499. XI,
ll. 19. 19. XIII, 130. 226. 466.
XIV, 94. XV, 36. 39. XVII, 5. 47.
469. XVIII, 94. 441. XIX, 199.
- 9. 1111111. 1, 111. 490.

11111111. 19, 911. 9, 91. 99. 91,
69. 1711, 49. IX, 4. 6. 662. X, 217.
XIV, 66. 99. XV, 69. 40. XVII,
440. XVIII, 64. 1111111111.
-1.111111. 1, 199. 199. 191.
91, 91. - ³. 61111111 1, 11.

 

