6111111111. 111

[0111110111ξ111111ῂῦ111 ι1111ἑιό11111,1311111, ἓ111ἒ11, Ι311111, 1.ἓ81111.
1131111111, 11131111111111111111 111 [11111,1ο1[1111],11111’
ιηηψηηηωηῃηωηωωωψηηωηη1
1111, 151 11151 [11911 1111111111, 1511. 111 [11111 151 u. 111
1503 , 162 115011, 163 [11091. b. 1. pag. 204-209. 217ὴ121. 242-144.
111 1. 111-111. 111-111. 111 1. 111. 111-111. 1111111111
Tm· 367-380. 1114111111. 4245428. 4³57442. 44211 44311.
411-418. 459. 463481. 01111 1111111111. 11111111 1111 11111 1111111
Ι1111111111.111111111111111 1111. Nr. 91 11399] 11.14ο-141;
111. 131 [1404111339111. 11145-497. 0111111111. IV. 1111111111 1111
ἒὲᾓωεέἰιὲιὲξιρ 1856ᾰ511ἑ1ῂ111 11111. 1111111111 1111111 111 1111111111 111
11111, 311. 1111, collectio 11111, 11111111 1110111111111111, 1111111111
11111111 11111111 1111111 111 1111111111, 11111111 1111111 11111 1111111, 1111
0111111111 11. 1111111 1111111111 1. 1111 111 111111111111111 111111 01111
1111111111111111111111111111116111111111, granden, 1. 1111111111111, uus
1111111111 111, 11111111111 111111μῆ111 10111111111111, 11111 1111111111
11111111111111111111111111. 1111 111111 11111 1111111111,11111 111111
11111111 11. 1111111111. 111111. ῦ11111.11.11111.1730. 801.

111 11111111 111 1. 11111 11111111 1111 1111111111 1111111 1111111111
11111111. ‚bet 11 1111 1111111111111111 1111111111, -1, §a Q, bis
1111111111111Μ 611111111111111111111111111 “ ’
1111111111 11111. 4111111 11111 1111111111 1. 1111111 111111·
1-1, 11111. 11113. 1111, 1111, 1111 u. 1111· 111. 1-1

111111 uben·

1111111111.

11 111. 11Δ 111111. 1111111, 811111. 111111. 1. 011. 11. 11111. 11. 111111. 1.,

11111 111 1111111111111111111111111111. p. 813-916. 1111111111. 311111
um 1111111111 111111111111111111111 . ,1111 1111111 11111111. 111111
11111. 11111111111111111. 111111111 1111111111, de 4111111124. 1111
1611! 11. 1111-1580. 1111111111. 11. 3, 11 111111 'fl 111111111111 111
11111, 11111. 1111 1113. 11341. 15111111 111. 1111111. 1. 11. 31111. 11.,
11111111111111111111111, 11.. 1. p. 941. 1111111111. 9. 32, 111 11111113
11111 3111111 111111. (1111111111. 11111111, 11111. 1111 1. 3. 1521-1114,1111·
1111. 111111 1. Ruti. 1111111111. 11111 3111, 1111. 111 1111111111 11. 1111·
111111 b. 111. 0111111111. 11941410. 1111. 111 1111111111. 1111111111
11111. (11.) VI. A. 11. 111ὢ1111111111 111. 111111 111 1. 11111, 1111111111
111. 01111111111 1. ῧ111111111 1 1. ὓ. 1111111111 1111111 1111
gythwnqg 1111 111111Β11311111ᾆ111111111 111111111111111111 &awti 1111
11410, 11α11ῠ1οιιου11111, 11’11111111111111.ῠ1111ῡ1111111.1111111111.α 1111111191
11111111, 1111. 1111111111. 1. &tante 11. 111 1111111111 1911111111. {legs
11.111.111.111·111111111111..11111
11111111, 11111. 111 M} 1613-1719,1111111,11. 1. 11111111. 111111111 11111
3111 11111111, 1111. 111 1111111111,111111111 1. 111. 111111111111111111.
p. {ng-98⁶3 p. {ng-hm 111111, “351ssss- 1. {ng ι11111 ⁶(11.) v1. B.
1111111111110111111111111111111, 1111111111 111ῡο1111111
1111111 1111111111111-17,1111 1. ξς. 1416-1689, 10-10 11111111.
111111111111111111111111111111,11
1111111111 111 11. 11111 111111111111111 ,9111-1101. 1111111111.
11..’1,1111 0111). 111. 11111 01111111111111111111. 11. 1161-1110, 1111.

 

