333 1111111511.

1111111111 u. 3115115111 111 (1111511511 (1118111111 S. 1111111111 zu 11111111
111 16. 115111. (11111111. 1111. XVII. 111. 3111111111 1111113111 11115. &gt
3151. 1. 1111111.

111. 3111111111. 343 1115. 1111111. 3151. 1. 3111111 1111111511 11. 31111111·
111 111 1311111111 5111111111111111111 3111111111 1131511111 1. 511
111115 5·11111111 1111111111 51111511 ι 11 11511111 611151113111111111.

statuta provincial. 11 81111111. 1111111111 11111111. 3111111111. 14364.

111551, (1. 3., 31111111111151111111111111 31111111111111.111111111111,
1849.

E. Α. 3. 6.(11111111) 6111111111 1111111111111111 311111·31111111 511
3511111111 3111511,1111111111 315511111131111111111111111111 31111
1111111116111111)

[4111111.,1.,1353-1741 51111 311115.13.,31115.15., 331115.
16,111’11517.,31115.1331111111,-·363311.41111151111
311151. Qu. 5. 131, 31. 36 -331, 4611113 311.151 111.(1.) (1111
111111. 31311151115111111511311111111, 511 41 11111.- 311
51111111111131111111]

1. 115115111, 13, (1151511111 311115115111. 311111 11511111. 311111 511
611111 3111111. 111111. 1353. 11. 1351111, (565 6.)

11111 11111511. 111111 1111 1014111111. 1.ξ1.1ι63-1763; 51 51111 1511 Ι
1111111111 115111 {keil 511 311111ί ἃ α111111ὠ ὲίὶῗέῗίιῒ ahmam. affl
11111611, 1111α11181θ11111111151ῃ11α11111.11113111111111 311 111111 31111 511
1111511111131111. 1. 1311511 1111111131 151111111115111115111111
511111111111111111111115 61111115111111111131111 1, 31. 3111151111

111 11111 111111 311115111111111κ 111511111 611111 31111111,11111111111

11111111. 11111. 51111111 11 1111111 111111151131111811111111,
1111115, 31111151, 31151315111111111, 311115 511 31111111, 61111
111511 11111111. 1111111151, 1311111111,11311111151111311151111131111
11, 11511611511311151161151111111.1·,111115111311111,31111111·
5111,,’6511 3113115111, 111155 11 1111111551151111151311603
(1633) 5111, 111533 3.ι1151111.111111115115111.- -31151111

ἐξῇιέιτιῦπιιι 511 1111511111151131111111 311. 1111 1111111 51111·

3 511111 1111111111 511 31111111· 611111 111 31115111111115111511111115.
15. 1. 16. 31111. 1111111. 11111111131111111. 1111111111,

1111111511 511 6111116. 31111111 11, 61111111 111 31115111 11111. 1111111111
1111111111 u. 5111115111 111 ξς. 15311113151111531111111 1. 31111111.

311151511111511111111311511111 1111111511 111 1633, 1136, 1131, 1116,
1361 1, 1111111, 511 11111111 1111 5111131, 14.,11111111111 5111 13. 31111.
1115111113. 111 5. 351. 3151. 1. 11111111. 6111111311131311111, 1111.
11115111.

311111131111111151111. (111 5. 311. Qum 1. 51111111, 6111111331..
1311111111, 1111. 11115111). 6111111 3111151115, 1111111 6111111 111 51611.
11. 31111. 1111111115. 61 31111111 11111111 511 61151 1 5113151511ι ··
3111111111 bonorum 111113111111 1111111111ιί1 111 1. 1511. 3111111111
511 3511111151 1111 611111 1111111111 do 11661. 6111111111 51161151 11111·
511. -1111111111111 Pinarii 311.111.61111.11.1311111111·1 3131.
dipl. 1. Nox. 11151. dipl.

 

