111. 11111111. 311·

(1111). 111 (1111). 111(1111).111 (1111). 111 (1111)111(1111).
111 (1111). 111 (1111) 1111). (1111). 1111111111 (1111). 111
(1111). 111 (1111). 111 (1111). 111. 11111. (1111). 111-111 (1111)
, 11111)1111111.11111111 111 11111111
338011. (1709). 11111 11111111 111 11111111 11111. 11111111111111. 111
..11111- 11111111111111111111111
1. 111111)111)11111111.111111111111111118111111. 111111
111111111111111.11111111111111ΜΝΜ·

11111111, R, 11111111 1111 ’1111111 (111111, 11111111, 1111111111111,111 011-
moratium, 1111111111, do 0111111111,11111111111 Rois 1111111111, 1111
1111 111 Ρ111111 11 Ρ11111111 (111Ἐ1111111111111 1111111111, 1111
011111111111 Historiques et Politiquos 111 111 ’.1111111 (111 1111111, 111
1111111. Paris. 1693. 4. 611111. 11111111. 111. 1v. V.

11111111ιί1) 11111111). Disquisitio Planaria. 1111 111611111111111111111
11. 1111111ῢῴ111) 1111111111 1111111111111111. 11111). 1611. 1. ὅ. 111

wfhprb ⁸354} 11155). 1182 (931). 1601191011611 (1111111111).]

gob. 111 11( 1111111111 (111. 1661, 1· 1116) 11111 1111111111 1111111111,
111 111 11111811111111111 11111) 11111111, 1. 111111111111111181111111111
6111111111) 11111111111111. 1111 1111111111 1111111111 11. 6111111111 111
11111111 gamen, 111111111111111111111ρί111111 1. gum 11111 111111
1111111111 (1111111111 8111111111) 1111111111, 111) 11111111111111111 be·
1111111. 1. 11. 11111.

11111111111111111111111111111 1111 Ε. 811-314 1111111111·
1111 111111. 1111111111. 111 1111111 11 1. 111111 01111111111111
11111 11111111, 11111111. 1. m. 111). u. 1111). 1110. 4. ὅ. 111
&adnm '‘. 1111. 1111 111 1111111111. 111111110101118111111-
11ἑ11111111111411351.111111111111111111’11111
Β11111.Η11111. Jun. 1348). 188 (Aban 1111111111 (1.). 11111111).
1171). - p. 1311111111 t. (1111). 111 111111 1111 111 1118. 11 111111
111111111111 111111. 1111111111111 11111. 1111111111.)

111-111111 1111111111Ρ111. Prim. Grfming. 111111111111111111111-
burgensem 11111111111111111 111111111111811111111111111111 1111111111
11111111 1111111 1111 111111111111 111 1111118111. 111111 111111
1111111111 111 111 11111 11111111. 6111).1))1111ῧ111118111111111. me
1111 1111111 11111111. 61111111111111111111111111111111111.»1111111
1111. (11111111111111111. 1111111 111 ῦ11111111111. Μ1111111111111111

11111011111111111111111111. 1111111. 1. 1111). 1101. 4. (100 Θ.)
[p. 78 (0111 march. (1131111111. 1171)]

soh Goorg. 1111111111 Ohronologia 1111111111 Bosaugiensium, Dbet

111111ιῴ111 11111 1111111111 1111 111111111111111111111111111111 181111

111 311), 11111111 111111, 11111111 111111 mit 1. 1111111 1111111111 - affin·

11111111. 111111111811111111111. 81² 11111 111 1111111111 1111 11111

1111111111 111 1111 81111111111111 11 31111111. 1111111111. 1111. 1.
[p. 1110111 1111111111Β1111111. 1191111 (luuh. 0111 1181)]

 

