777 777777.

7777. 477. 7777, 777. 777. 777. 777. xv,
1. 7777777. 7, 777. 477. 777, 777 7, 477-477. 77777, 777. 774 777777
777. 777. 777. 77, 77. 77. 777. 777. 77777777, 777. -77777777,
777. 777, 777. 777. 7777, 777. 777, 77, 777-777. - a 7777777. 777,
777. 777, 777. 477. 77777, 777 777. 777. 777. 777.
7777, 777-777. 777, 477. 777, 7777.
774. 77777, 777. 777777, 777. 477. 1. 7777777. 777, 777. 77, 777. 7, 777.
777. 777. 77777, 77. 777. 777777, 77, 74. 777. 777. 777, 447. 777,
777. - 7. 7777777. 77, 747-777. 777. x, 777. 7777, 777. 7777, 777.
- 7. 7777777. 777, 777. 777. 777. 777 777, 777. 477. 77777,
,5η 777. 777. 777777, 774. 774. xx

1’7ξ7“.“ 9711, 7171Ἂῖἷὸ 77570.3 'ang' 76737, 1-115549-8- sbssfflffibevss 1⁹3 ³

ἓξὲξ ⁴133. fal? ’ἕ 977477177Ὴὸιῖ ¹· 5777751- 11¹³?ss- ¹1⁹· IV, ³6⁵.

13;711ἷ”11ἓ·.11,”7577ῑ733; 131 IIII-..IIIIIIIIIIz

IIIIIIJIIIIIIII: 1577777,777777777

717.111117Υὲ7ἕέ“71“ · ἵὲᾱῗὲἳέὃὲιῗὲἷῧέἒῗ· 711111
7777777777

⁴ 1. 7777551· 1¹2 155· W· ²⁶⁵· V¹³ 777. 777. 777 II·

74. 80. 161. vn, 219. 381. VIII, 1519·

77 7777777777 17777777777.·77

ξο4““ξ· Χν’,,“3,” ξξῇξῠξ L 777. 777, 777. 7777, 777. 7777,
¹·3‘ ·52“¹¹³’1¹}·„}-333 · 777-777. xv, 777-777. 777,
“ ΨΜ· 7 · 777. 777. 77777, 777. 777777, 777.
¹⁵¹⁴· 777. 777. 777. 77777, 777. xx, 777.
1. ῧᾶῑψῗίῇ. Ῑ, 201. V, 26⁶. 302. VI, ,, 2· 043th VI, δοῦ-305. ,-
162. V11,381.447. V111,473. 474. 3· Quum· ΠΙ, 973488.
475. IX, 264. 265. X, 31. Xl, 466. 1520·

XIII, 302. XIII, 454. 455. 456. 1, ῡαῑψηῐ), 1, 204. 777, 777, 377, 77,

xlv. Ilo—513. xv, 477. 479. ³8⁷. 437. vn, 441. vm, 477, III,
xvn, 201. 777. ³0⁶· XV¹¹¹19⁵· 777. x, 777. 77, 777. xm, 777.

358. 360. 361. 1713.514. XX, 112. xv, ὀρθ-505, 7777, 703, ..

455. · ²· 7777557· VI, 555-755· 7. 7777777. 77, 777-777. -
- ³· 5777757113, 757-255· 7. 7777777. 7775737777.

- 77. · 77 .

1. 7777777. 7, 777. 777. 77, 777. 777. 1. 7777777. 777, 777.
mmmmmmm 77
477. 777. 77 777. 777, 777. 774. 7. 7777777. 7, 777. 777. 77, 777, 777,
mmmmfflmm mmmwmmu
7777, 777-777.777,477. 777. 777. 77. 77. 777, 777. 477. 7777, 477.
7777, 777. 77777, 777. 777. 777. 777, 777. 477. 7777, 777. 7777, 777
747777, 777. 777. 77777, 777. 777. -777, 777, 777-777. 7777, 777.
xx, 777. 477. - 7. 7777777. 77, 777, 77777, 777. 777. 777, 777777,
777-777. - 7. 7777777. 777, 777 777. 777. xx, 777. - 7. 7777777.
-777, 77, 777-777. - 7. 777777. 777,

7777. 777-777.

1. 7777777. 7, 777. 77, 777. 7, 777. 7777.
777. 77, 74. 777. 7777, 777. 777, 1. 7777777. 7, 77, 777. 777. 777 777,
mmmmmnm mmmmmmm
777. 777 7777, 77. 777777. 77777, 777. 7777, 777. 777. 477. 77, 777.

 

