1161116666.

666 8611666666, 166166 6666616616 6166 66666 616666 11611. 666 666·
met. 6161661616 6616611666, 666 66666 66666666 661616 66 6166666·
6666666. 166116, 616166 6666 11666666 6666666. {abolit ,, 6611666.
1161616611666166111 666 666666 6666666666, 666 16 6616 666666 666
ἓῶε66ῡ661666 Cod. (121. Pom. 6161666166666666116166666, 16 111666
666 1116666666 666 666 3. 1636-1636 16166 6616611666 64 6166 111166.
11116·11111111611111111111111111111111111 11
66666 616666 6616616666 6. 166111 666 6166616166 1116666 166111 661 6166·
66666 661666666 661166 661166666 116116. 111166. 6616. 661 666 3. 1166,
1111 111 61111. 1111,’ 131161.ῗέ61111611111116111 1111
1166666666 6611661166 661666666 66666 6666 311611. 666 666 3. 1666 ιι.
1666, 616 6666 6111 66666666. 6. 1366661666 66616166 6616. 1116 11616, ⁴
666 666 61666666. 11661. 366666613116, Dm, 66166. 6111616666,
11661 IV.. otto 6. 6., 36611, 161666. 1., 861666. ΙΙ., 36661166 1., 3661611.
6. &eor 111116, 16616 666666 6666666. 6666. 116 16111.. 11611166 ιι.
1666161. V., 161616 66616666. 6. 1116611666. 6. &a 166 6666611 ιι. 1611
66661111 6661ὒ61616611666 ’1166661661116 66116666666,.6ιι166116611616666
1161111116161111*ξ.“’616ῗὲ1111’1116ῗ1111116116ῗί1ξί
6161161 616. 6. ,6666661 6. Pom 6ὲ8ἷ.ὓ1ῗτ64ὗ1ἒι6ἑι[66161ἓ {aeus
16ῗῖ Β6ιη 'lssgtbglte‘ ῗῑῑῗξίιῖιὲιὲἲῇἷι 6. 1447 6661166666ιῖξῖ 6.ο 6α68ιῖ
metn- 666 11666666). - 66666161 16 861. (966616 66666 666. 6116
, 11666. 1116661611 111. 6161616166 666 666 16166166. 6. 66666. 366666 ιι.
otto 1636 6616 61611. 1166661666 16 1161166 6666666661161611661666
¹ 1111 11411111131111611 11111631116111111. 1⁰31·
-1516,616 1611 1166611. 66111616111616 616. 116666666. ιι. 11666666
⁴ 66161-166666161 16 1161. (166616 66ἒ6611666666ιι 1111. 6. 1611 6616.
8666116616. 6. ὓς 2 Θ166616. 661 661. 36616161166166166611·
166616. 666 666661 616. 66661 nrt 6. &testim 161616 666 666661
661 66166166 6. 3. 15116 1166 6661. 666 mitt. 6. 6666666. {b 6·
1666166 6. 6666661666 6666611661 1141 61641666666668661
6. 6616666611 661 61666166 6. ὓ666. 1161166161 666 Ω. 3666611611.
66 666 1161. 66161161666166 166666 6. ῶι611166ι16616.61166166 15411).
- ,1166611666 6611161116616. 66 616 6666. 61166666ιὲ 61616666
ξ6111ῑὶ161111·11661161161111111..1111611 ¹
..1616·ι.·161.1111ῗ“16ξξ.16111111111111116.
111131111111ῑέ11ῗὲ61111 ssm‘sszz δ1161111111.111·
6. 1. Ι16. 1501* (11 6. 16 Ι,1. -16166661116111611 16 11.. 416, 6616611. 616
611111121Ἒ61111111111116111111111111 111111
nine Duces, ex 611666 parte otest]

66666161 16161, 6666166 16 661. Nr. 8³. 6136161611666 666661. 16 6.
366616116611666 ῢ166161611616616. 1166116. 1161. 661. 11666666.

ἔβη 66666161 6611661 661 66666666 66166666166661166 ιι. 61666 666166
66 6 616661666 66666 16 861, 1661166 6166 11166 6 urst. ιιι 66161666.
(6616116616 6611661166. 61666666 666161666 66616666 ff& 66161666611161116

6661661666 61611 66 6666 6666116616 116666666666 ιι. 666 66666666

 

