18

1111313111.

1313 (3. 333, 333, 331), 1313 (3. 333, 403, 404, 411); 33. 0: 1. 3.
ξ). 1333 (3. 14, 13, 3ο), 1331 (3. 33, 34, 33, 33), 1333 (3. 33), 1333
(3.133),1333 (3. 133), 1331 (3, 311), 1333 (3.343,313),1333
(3. 331, 333), 133313. 333, 333, 343), 1331 13. 331, 3341 33. 1;
3· 3. 3. 1331 (3.11), 1333 (3. 33), 1334 (3. 33), 1333 (3. 131),
1333 (3. 134, 133, 133), 1333 (3. 311, 331), 1333 (3. 334, 341, 343,
331 333), 1343 (3. 333, 331, 334), 1341 (3. 313), 1343 (3. 333, 341,
3431, 1343 ἓ3. 313); 33. 3: 3· 3. 3. 1344 (3, 11, 31), 1343 (3. 13,
33), 1341( ,33), 1343 (3. 134, 144), 1343 (3. 114113, 111,1333
(3. 133, 133, 131, 333), 1331 (3. 333, 333, 314, 333), 1333( .313,
313), 1334 (3. 333), 1333 (3. 343, 333), 133113. 3331 33. 3: 3· 3.
31331 (3. 43), 1334 (3. 33), 1333 (3. 143), 133313 331), 1313
3. 331), 1314 (3. 343), 1313 (3. 331), 1313 (3. 334), 1311 (3. 333);
3133 1. 3. ξ). 1313 (3.1), 1313(3. 33), 1333 (3. 31), 133313. 111),
1333 (3331111333 (3. 331), 1331 (3. 3331- 1). 1. 1111111113
331. 3: 1. 3. S. 1313 (3. 133). - 31. (31111113 31. 5: 1. 3. 3. 1314,
1313, 1311 (3. 333, 333, 343); 33. 3: 3· 0. ξ). 1333 (3.33,13); 33. 1;
,3. 3. 1333, 1333, 1333, 1343, 1343 (3.3, 33, 33, 131, 331, 311);
313. 3: 1. 3. 3. 1331, 1334, 1333, 1311113333, 333, 333, 333, 331,
313, 313); 33. 3: 1. 31. 1333 (3. 3, 7)· 33. 3: 1. 3. ξς. 1331, 1333,
1313, 1314 (3. 41, 33, 13, 313, 331). 31.311111111131; 33. 4. 3·
31379. - 31111). 3111111113 Σ831111). 33311111) 1. 3. 3. 1333133. 3.
Θ. 33). 1- 31111). 3111131111 (· 1111). 3113331.) 1. 3. S. 1333 (31. 3.
3. 419). -— 31111). 1113111311 (3. 31111). 113113, 31111113, 3111111111)
3· 3. 3. ἶ,1319115313ζ),ῑ’1341δ(33. 1. 33335, 16334 (33. 3. 3633311
ἓξὲξῗ( 1.· 3. δᾶ..19(1ῗ7εἴ1’1)3.ὀ’3.ἕ313)1)1 (11111311111111Ῡ611Ῐ381311 13.ἢὲ

1313 11. 1333313. 5. ὲ. 3131133. 3. 3. 31). 31. 3111113133 1. 3. 3.
1344 (1113. 3. 3. 19)- (3111111. 3313: (3. Ἥ. 1111111, 11311113, (332

1113111, 311113, 33113313, 11113, 3111311111, 11111111) 1. 3. ξς. 1033
(33. 1), 1133 (33.1), 1333 (33.3),1313 (33. 3), 1333, 1337 u. 1333
(33.4 1333 (33.4), 1313, 1314, 1311 (33. 3. 3. 343, 333 331 ,
3311133113 3 3 3333 3⁹33
- 131131111). ’11111ξ13ἶ31113111ῗῗ (111(11111(113,03ι((13111(1, 9331113131
(3111) . 3. 3. 1313, 1313 u. 1333 (33. 3 1. 4), 1333 (31.4),1313 u.
13111.13.3113333133 3333
333'333'33‘33 '3⁷² 3³3 3· ¹⁶2 ³⁹· 3²3²
(33. 3. ’3. 33,)33, 133). {03 13111(Ἰ (31311111 13612. 3. {31³3
31. 0. 3. 331). 13111. 3. 3111113111311) 1. 331331 (33. 9.

. 333). (111. 31111311 (3113331, 11111111, 3311111111) 1. 3. ζ,11313 11.
1311( 3. 3. 3. 331, 333), 1333 (33.3. 333), 1311313313. 3. 33).
- 31. 1. 111 11111(111311111; ,3. ξ). 1311, 1317, 1343, 1331, 1357,
1313 (3ἓ. 3. 1 ,333, 333, 331. 33. 3. 3. 33, 313, 333. 33. 3. 3. 343).
311,”1331α(3“3ἶ( g. 1131132131( 3131611173 : (ᾧ ζ’. ᾗ) 1Ε33ῠ3ξιῗὲ3οόζ1133ξζ
1337, 1333, 1373, 1337, 1333 (33. 3. 3. 133. 331. 133143 331,
33. 3. 3. 10, 333. 33. 3. 3. 333, 333. 3313. 3. 333333). 311. 3.
311311 : 3· 3. 3. 1314, 1331, 1333, 1344, 1343, 1343, 1341, 1343, 13311
(33. 3. ,333, 33. 3. 3. 43. 331. 3. 331, 333. 313. 3. 3. 13, 34, 77
113, 133, 133). 311. 3. 3111111311 : 1. 3. 3. 1343 33. 3. 313). -L
311 3133111 (331. 3. 3. 393), 3111131111 31. 0. ,331), 13111113
(31. 3. 3. 333. 31. 7. 311, 13); 111311. 11111113 (113. 3. 3. 37)·
33111111 (33. 3. 3. 73). -11111111111111111 3311113111111 1. 3. 3. 1137’

 

