666 1111111611

1661-16661 66. 6111 166 ὅ. 69 1111. 1. 1606146661 1661111116.
111111. 1. 611-1141 61. 1111 111 15. 111111.1.1611-1111; 611
11164 6191111. 1. 1666-1666; 66. 6 11161 66611111. 1666-
1166. 1111. 1111116111 11 116. 1. 1161111111111111111111. p. 6-16. 61 1111.
61 11111. -311111111111111 111111111 111 111 1111111111111,1111111116ι
11111111ῐί111 11. 111111111111111111, 111111. 1111111, 1111111111111116111
1111111111111 111 111111111. 11111111111111. Ε11111, 11111111111111 111
1111111. 1111116111 111611 1111111111, 311111111111 611 6111111111111611
1111111111, 61111111 1. 11111111 611 1111111 1111111111. 111. 11.; 1111111.
111111 611 1111111111. 1111111111. 611 11111111 611611 (1111111, 66
1111, 111111, 61116111, 11111111111) 1111111111111,111111ι
1111 611111111111 611111111111111. 111 111111. 131111 1. 611111. 91111
1111 1111111. 1111. 11111111 1311111111]

6111.111611116111111111111111 111111111111111111611111.
1111111. Fr. G. 8111611111111. 1111.-11111.1111111111111111 Bononiae ’
111. docimo 111111. 1111. 1616. 11. 6. - 1. 1. 1111111, 61111116 1. mab
111111, 1111111111 611 6111111111111111. 61111111. 1616. (111. 16111).
·—· (6111111.) 11111111. 1111111. 111 611 11111111 111 1111111111111111111
11111. 6111. 1174. - 111111,111 bellis 8111111161 111111 111111111111
adversus 1111111111οῆ1 Teutonicum. Regiom. 1616. - Q, 1. 11111111,
6111111111, 11161111. 1. 61111. 111 1111111111, 6111111116, 11111111. 11111
111. 11111. 1160. ·- 6111111111 6111111 1111 111111111111 111111 1. 1111
1111111 1111111111 1111111111 6111111111111111111111111111 1111111 111111
6111 111 1111111. 1111111. 1661. 1. (1111. 11111 1111111111 111 6. 3. 1666
-11111,

011111111111101111. 3. 111. 1111111111, 11111111 1111161116116111111111
11111111 11 ῦ11111111 1. 1111111111111. 11. 1. 11. 1111111. 1666. -
611111, 61111. 611 6111161111. -· 0111. Weinreiehs 1111111111
(11111111 (uel-1495). 11111111. 1. 111111. 111 Th. Η111111.11. 111111-
6111111111. 1661. 4. (1. 6. 11111. 1111. 111111 111111111111111. 6. 141). -
(11111111 8111611111.) 1111 116111 11111. 1111111111 1111111111111, 111
1111111111 1111111111, 1111 1111111111 11111 611 1111. Stephani .. 11111Ι
111 11 1111111, 11111. 1111111111, 111 11111 611 111111111111111111111111
1111111, 611 6111111. 6111111111, 6161161111111111111111. 111111 11111
11111111 1111111111. 1161611111. 1. 1. D. 6. 11111- 1111 61111611.
1111111111111111111111 61111 1111111111 01111111 Secreta. 1111111111.
1666. 111. - 111111. 1111 ὓ111ι61111111111 &t 11111111 1111111111.

1116. 1. - ss. 11. Θ. 11. 11111111, 611111. 111111111111111111111 61111111·
1111111111111111111. 1111111. 111 6111111. 1111111. 16661.-
1 1111111. 1, 11111111111161111111. 11 1111111 1111111 (1111 1111111 61111,
61111111 116. 6. 6. 636) ,1111111111111111 1. 6111111111 611 111111 11
Quum! - (11111111 11161111.) 1111 6111111 111111111111111 Su
1111111111116111111111111111111 (1111111111 Θ11111111111.1.11., 11111111·
111111 1111611111 111 (1111 111111 1. 11111 1111111111 111111 11111. 11111111·
1111111111111111. 1161. 1111. 1. 1. Β. 6. 116 11. - 111111 311111·

 

