111. 91110881. 217

91 11181 81111981 318081181819 98018181. 91111 9811119819 118 6111118198
9118188, 088 (118111818901911811, 08188 881 088 9118081181889 9818118888
318018 8. 088 (1811189111811101811118 societatis. 31811181711. 4.

1111811088 1111. 311801. Ι. 181 9118198 1111181118818988 (891. 8088
Q 88) 8. 98811118 3811891111. (891. 8088 Q 70 (9.); 18888118 8.
3111118117 11181. &tammam Q 877-870; 111881, 3811811111 0. 118.
811111881981181801888. 31818081 (1888). Q 879. 88ος 1188118117 111188.
8. 1381111 (1. 811. 9881111).

1111801. 99111818 1. (988. 31118888. 11744). 38188 1. 911188 088
908108811181111911811. (81818111191188 918198 888 23188118, 1181811181
wilhelmi, 011 111 989188181198 3811 8118111119 1811818088. 8 3118 (88 8.
1088. 881 Q). 18180. 8. 3888118 (91. 8. 9. 8888111. 8. 11881.) 1788-
1741. 1191. 1981818 9111811019181188 8. 1. 18. 90. 8. Q 465-468.

910. 1. 111 11111181 188988 088 888 3. 981888111889818818818. Qu b.
818088818111. 8111 6111880811 1780. Q 807-888; 891. 0898 888-808.
3111808. 9..1)88188188188 1788. Q. 887-888. 118891. 8111181191. 8.
91918ιεῦ818188 1788. Q456-469· - 1181818 088 11. 381808.
99111). Ι. (18 018 11. 8118181, 8. 9891.. 81118889 11 1818119 18 0.
run. 8.) 18.888-180811-881.1881-1088. 888 19. 881 19. 011-880.
1085 (9. - 181111. 088 1111. 9181118 Q 131-133. 184-187), 8. 91988
(Q 187-141. 181ἲ, 0. 918189188 1 .807-809),0881188. 8118188
(Q 841 19.), 8. Q 8881. (Q 808 19.). 1101118 8. 1111188181 Q 180-804.
211-115. 253-235. 310-342. 350-354. 450—452. 538-542. Ma·
111188 8. 3. 1718. Q 818-881. - 110. 8. 8811. 081118181018808811101111
81181810118981. 1191. 3. 11. Q 888.)

8881188, 91, 3118011111 2111118111 Ι. 111819 888 11888188. 8908. 98118.
89108 (98 1. 880 Q) 911180188811. (1884, 88). 11. Q. 1181808181. 1888.

[3. 91111 8188 91818918198 8881111881818811 (11818188, 9811111188, 108118
1181. 1. 18.) 181881 181 91111 818 18811180818818. 110. 1: 3388189889

088 st. 1111808. I. (8818. 0. (9811 19811888819.) Q ³⁰‘³.²: 38118811.
31111. 33311913 3331313111· 3178818311* 31 311
811881. 1. 1. 881181. 88111. 1188. Q 188-118. 138-138. 1111818 8.
811181. 88111. 1.: Q 111. 191-183, 808. 888-888.81819.883.88019.

. 888 19. 88419893-888. 3181181818 8. 9181880. 8. 31. 99111. Ι.; Q 81019.
188. 11819113-818 888-880. 881 1 . 888-181. 808-888. 118. (818
118111. 1. 01119111. 088 1118198. 31180811.) 884-801. 860 19. (38111818
8811.08811188111.; 880-888 8. 807-408408-412. 1111818 8. 311108. ΙΙ.;
9888398107 p. 391.18881111108881 (6811880811, 1111801188. 3118
ῗιῗηῖἷ 19ῗῖ1111. 111411118α19ὕτ-’.Ἢ81Ϊο91231821111111997111ῗῖ
80111. 1.: 81. 88. 11. 88. 88-18, 88. 11119. 818 19. 888. 888. 18119.

237 19. 299. 307 19. 313 19. 319. 324 19. 327 19888-88188019888.

· 84619. 888. 88719. 31118111. 1. 0. 1181898 8. 9888188891181188. 1788.
Q 173-255. 11811. 088 1118811181 3818088 Q 6 19. 8 1 . 6118088
1118. 8. Qdm. 11811 XII. Q 87 19. 9111811811 8. 1111111111. Q 8819.
ξῗιῗιψωῗὲιᾶἶξῖιῖξῖῗ ἦέιὶιῖῗιῇξ nssss‘gff‘ss'. ιιῗῖι. ”1ιῗῖξ ἷῗ) 1⁰55&ss

θ’ 111· 33313111 313 8331) θῖ113131 11111383ιέ3
8. ..1710 Q. 111-118. 1191. Q 119-1822. 91118 0. 3198011111 018381.
8. 811880811- Q 181-118. - 90. 8 (881 6118118111 881 118 9818188

 

