811, 91888188. 888

188) 888111 0118118 81188118 1181. 81 8. 9188818 11188. Nr.
1111). ὅ. 1819118 (18188, 18818811. 118) Θ 189118,91,8.8881
(8881181818. 118811ῦ.191 9188 (81818181111111811 88, 9181. 8.
9 1, ιι 811888. 18989118 888 811. 1181,1181,1111, 118881118.
1181 8. 11818111ι 89 ..9181118 911) & 19891. 88 (1181818, 1181818.
11’ 88.) Θ 88891. 88, ,8119181 5. 881 (18818811.Β1188.118188.
11111. 11 111 111111.. ²³.1:11151111111511111
118 118 888111 1818811118. 8Ιι 1188881181

vum, 118. 98888, 88881888 8888881888 ineditorum 8888188881-
gendum. Η88 881 1188811881 8181888188, (1111118188, Liternum 81118·
88188,881888 98188981888881181188881 aliquot argumenta ’18818-
11888 88 888888188188 88 Libro 8181118118, 8118881181 rationo exponuntur
81 88118818818181111 Historiae, 18118 88111, civilis 81 8881181, 8188-
81888118881888818181, observationibus. 11811888, 811888. 1198. 11. 9.

. 188-181 (1111. 8, 0118 118188, Brund. 8188881188 88 118818, 88
88888888. 1188. 981. 8888 811 1188111111.)

88 1881188188, 11, 9., 1188888818 1888118 rerum Germanicarum 81888888
Cimbricam, 81 11888881888188, quibus 18118 antiquitatum, 8181811888,
8888181888. (1811888188, speciatim 1181811188 81 1888881881 118188-
188888 regionum 8188818818 illustrantur, supplentur 81 stabiliuntur.
Ι.188.1189-1118.181.1Τ,

{Rp hp 881 (891) 989 18181888 1181818818 Effie 911881 Bran&
pise. 18818811. 11818818. 1118). 981 (18888888 roh. Brund 1198 ’
988 (1188ιί888 March. Β1888.’1988). 1898 (118811, 118188 Βιι88888.

1119). 1837 (1131) M. (1118188818. 1188888881818) 9(1198); 111.
(1818818818. 118818811118188 1191); 13 (118188. 88818811.’11.811

1178 8811198 8ῗ111191988101 81 1819118181) ’8’)”111’1’9 118818181611118881,

111888. 1888),(1)181888181.118888ιιι,..)8 9891818ιί8888118188111888.
8181811 18818811 1181). Τ. 8. (1118188818, 888818888181)8.119118

(1111. 818 91118 81181188. 888118. 1188); 1881 ιι. 1888 (pamm
9888888188 1181818818. D 8888. 1388). (11118881, [1118181818. .)p. 1188
(3118811889888 91888888. 1111). 189918118 111188. 88 81188888.

811. ’8881181888 8909880988’811’11’88’1’18’8’”9”1’18’81ιί”8111’ 1318111ἰ 8119
(1911),981(11888811181111881111188181891888188.1818198118.
(8.1888ῦ11ιι 818 818 9181181. 1191888188. 181 8818.1311); 1889
-1889 (11881888811888 88. 81888188 ιι. 91181188.’1111);’ 1889
,088888 8181881 118188, 1888). Τ,1. 11118881. 81888188881...)8
’1111-1818 811111. ’118” 881, 111 111181, mg. 1. 811, 81811811. 9881
1811888.1811881818).81818881,888888,Ι181ιι8888.,)8.1998188.
(1111. 8. 11811. 111181. 111. 111. 91118818. 18811111 ι,881)]

818888, 9 9118111811 811 (1111111118 9111888 118111 (181818 888 811 611811
ama> 888 888111. 1, 98. (18 8 11818.) 881111. 1819. 9381, 988888 811
11111. (1. 19. b. 8. 11818.) 6. 189 (1881881188188. 1191).

8188889, 81818919118188118. 9111118888188818911188888. 98, 1.
1.88ιιιιι,1118-11.983-1118881818-88.

gh( 311899). 8119. ὕ. 8918888118. E' 8.ιιι 11881818. 119118111
8111,111911111181111111371181111 11111111

88811111 81881118888116181111ιι,”8118811, 81181811,

 

