111 11111111. 371

(1.6 3411.) 8111ιό 1111116111111111111111. 13 (1711); 33 1. 31 (1711);
rffifffiss'kssoffissss. 1111. 1111. 111 111111. 11. 111. ιιι (1111).

111111, 111111. 111.. 111111111111111111111111111111111111 (11111111ίὶ11
11111111. 11111. 1711. 1111411 111. (1. 11 (1.111111111111111·
11111.1131).

11111111· 1. 1111111111, 3111111111, 111 1111111 111111, 111111 111 mog·
111111 6111111311111111. 1111111. 1671. 801. 1111. 1111. 0. (111111.
1111111111. 1111111111. 1111).

1. 0111111111 11111111111111111111. (111111. 1. 3111111. 1111. 1111.
11). 1. Q 31 (111 11111111 11111111 111 1111111111 11 1111111) 111. 31111.
1111111111. 1113). 313111111111111111111 111. 13111111, 31111111. 1.
811111. 1. 3. 311. 1111).

(0111111111.)1111118111111111111111111111111111111111. (111111.) 1734. 4.

. 11 . (1111. 111 1111111θ111 1. 111111 ι. 11111111. 1184).
1111.Ρ 3111111111131111 1113. 1. 111. 1111111. 1119. 1111111 111. 1.

6. 316-161 (1111111 1. 11. 3111 1113 1111111111 11111111 1. 61111111).
1). 11111111 1111111111 0111111111 (1 1743) 11111111111111111 11111
111 1111111111 1. 111111 3111111 111 11111111 111111111116111111, 11·
111111 111 1111111111 1111111111 u. 1311111111, 1111111111. 111111 11111111,
1111111, (1111111111, 1111111111. 61111111, 111111111111113111111.
1111111111, 1111111111111111, 1111111111, 111111111111. 6111111111,
1111111) 1. 1111111111 111111111111ς oud) 11 1113111111111 1111111111131·

11111 11111161111111111. 1111 1741. 1111111111) 1111111 111111 11111111· ·

11111111 11111111, &blesum 1111111111 1111111111 1. 111111111111111·

1111111, 1111111. 1111 1111111111 3111111111. 111111. 1. 11111. 1447. 4. 41111.
111113111113 111111315111113111 1111
111-111 um& 1). ι. 1111. (1 1111111191, 1111 (1111). - 111. 2:

(111 11111111) . 101 11. (111 1. 11111111111111. fin). 1). 3. 1111.
(111 1111111111) ὅ. 616 1111111111. Marohiopifer. 1333). 174 (Wan-
00³1„ Β111,Β111(1111.111111.1181111. Dux. Sigismund. 111111.
1111111, 1. 1111111111-01111111. 13761- 111. 41 3). 1111111111 111111.
Qun) Θ. 613 (81111111. Dux Westph. 11 Augur. 0111 march. (11
3111111111. 8111111. Gom. (1101111111111. 1180). 733 11 .11111(1111.
11111. Bnnd. 0111111111. Brund. 1301). 103-811 Wafdem. 111111.
1111111.1314).843(3’ 1111111111311111. 13711 Ε. 141). 81411.
(11111111111111ἡα111111. 1111111. 11111 . . 111111114101.

ἷὲξσῗὲἑιεῖιίιτω) 11111. 1. 1111111111). 1311)1Εέ.(1111111111111111311·
111

111181 11111111. 6111111111 1. 111111.111111111113111111. 111. 1.
m. 1. G. 341 fg. (Ludowic. Rom. 111111. Brund. 1111111111, S. Imp.
11111111111111).

1. 1111111111. ὓ.. (1111111111111111111111). 111111. 1111111 111 6111111

1111111111. 8111111111. qt. 4.
[p. 111( 1111111 11111111111111111 au 111111111111111111111
1. 1111111111. 11411]

1. §obtutam 111, 1111111111111111111111). 1111111111. 1111111113

1111111111. 1111. 1111. 114. w

 

