444

9444444, Ut. 4., 4444444· 4. &amatione-mode, 444 4444444. 444444
4444444444 &tm 444444444444, 44444. 04444444. Anno mox, 4.
(44 44444. 4444 444444444, 4. 444-1400, (4444 4444 neu 4444444444. inflet·

444444444444444444444444444 4444444, 44444444, 4444444, 4444444, ‚

84444444, 4. 4444444444, 444444 4. 444444.) - acum, 44. Θ.
444444. 444 4444 wasconum 444 6444444444444444. Rimul). 1444. 4.
- 4444444444, 44444444 444 414444, 444444. 444 44444444444 44 4444·
44444’4444444.444444.44444.1404.6. 441 (44. - 4444444444, 44444·
4444. 444444. 4. 64444. 4. 44444444. 444. 4. 4444. 4. (44444444. 44444444.
4444444. 4044444444.) 4444. 444. 4444444444. - 444444, 4444 (444444
4444444444 444 44444444 44 bt. 444444 444 4444 444444444444 444 44. 444444.
41444444. 1444. 444. 44. 6. 444-444. ·- 4444444 8444444444. 444. 4
(44444444. 444444. 4444444 4 (4444444.) 4444. 4444 δ. 404. - 4444·
444, 444444. 4. (44444. 444 044444. 444 444444 4. 444444. mat. 1444.
(44444444.) ·- 4404444 4. 6444444, 6444444. 44444444444444444444444
64444. otio. 14 me. (444444. 1444-44. (444. 4 4444. 4444 644444. 4444
444444. 444444444444444444. 444 &ime 4444444444 44444444. Θ. 440-444.
... 4444444444 44. 11 f. 444444444444 4. 4444444444) - 444444,
{tm 444 5444444 44444444. z». 4. 444. 46 (4444( 44. 4444444. 44444.
444444. 4444444. Duff.) 4. m. 4. W 41 (444 444 8. 1414 4444444444
4444444444 6444444.) 444. 4444 ὕ. 444. ·- 444444, 4444444. 4444. 44444-
tat. 1444444ᾱί44. Τ. 11. P. 4. (444444.) - 444444, 4444444444 omnim.
Ballomtndiens. 44 Amanicas. (4444444. 44144444. 4444444. 44444.
1444444444.) - 144444, de Pugio 4444144444. (4444444. 4444144.
444444444.) -· 444444, 444., 044444. 44444444. 444 44 &camum 01·
44444 444 44444444. 4444444 4444444444 3444444444. 1710. 4. (44444444.) -
44444441, J. 444., 444 644444444σῇ44 4444443444 4. 444 &tame 4. &nrm
4444444444, 6444444444 4 4444444 44444444. 4. 444444. 1444444444. 44444.
mun. 1444. (4444444.) ·- (M.) 44444. 4. 4144444. 64444. 4. 4. 44444444.
ι 44444. (44444444. 44444444.) ·- 44444, 44444. (444 4444444 do 44444 par
4444444. T. 4 (44444444 4 (444444. 444444. 944444. 444444. {teta
(44441444444444444. 4444 Θ. 441. - 4444444, 4ο. 444., Do 14444444 '
14444444. (444444.) - mm, cod„ diplom. 44444444 nuper. (14444
444. 44444444. 4444444.) - 44444, 4444, 44444444. 4444444444 44.
&timeon-Remmiam 44444 44 44446444444444 4. 444444444444 444444
.- — 44444444 4. 444444444444 4444444444 4444444444, 4. 4. 44. (4 4444. 44444.
1444-44, 844) 4.·4. 1-4 (4444444444 1 (44444444. 444444. ὓ4444.); 4
(44444444 4 (1444444.) -· 4444444 44444444. 4444444444 4444444. 1. (mg,
444.). ·· 44444, 4444444 444444( 4. (44443444. 44444. (44444444.) - 4444444,
444444. 4444444444. &t 4. (4444444. 444444.) ·- 44444444, 444444444
444444 444444 n». 4. (4444444.) - (4444444444.) 444444. 444444. 444 444
444444 64444444, 4444444444 4. 4444444444 444 4444444. 44444444 44444444
444 4444444444. 1444. 4. (44. 4 ura 4444. 44444444, 4444444, 4444444),
-4444444404144441 1444444444. Pa 4 (4444444. 44444444. 4444444.
. nubunt. 444444. stauos. 044444. 444444.) ·- 4444444, 31444444 u.

 

