1111115155.

-551], 1555 [Νι. 555), 1555 [Νι. 555 1.515], 1555 [Νι. 5511, 1511
[Νι. 15]) u. 55115111 pergi. ps. 1555, 1515, 1551, 1555, 1555
[Νι. 5551, Νι. 551, 555, 5. . 1155, 1155, 1155,1111,1111,1115,1111,
1155,1155,1155, 1155, 1151, 1155, 1155, 1115, 1111, 1115, 1111,
1476, 1477, 1478, 1478, 1480, 1481, 1486, 1488, 1480, 1494, 1498,
1515, 1511, 1515, 1555, 1555, 1555, 1551, 1555, 1551, 1551, 1555,
1011, 1611, 1113), 1111151 1. 8151. 1115511151 (551. 5. 1105,1135,
1157,1101, 1531 [111.351],1153),1. 811115. 11111 11515 (551. 51176),
1. iibiffiineiiinburg (551. 5. 1613) 5. 111 &i 811511 (551. 5. 1146
11. 1477.

8111155555 111 85151185111181511815115. 1111511115, 551 1100-1151.
11111151 (31 855. 15 851), 1111111 15 11111551 81115. 851. 151 8515111151
nib 5511 11111551 8111151511 (811115. 1566) ὃ. 11111111.

8111111511, 115511 8551511811 8155155111. 811115. 1111. 81. 11.

[,811ὢ1(1511 11111 115 81111111 111 8111155115111515 811111, (51511 ibet

111 51511155ἰῆ5 5, 1151151515 1511111151, 1115111111 15 815115 uui 111
(5551051115, 5. 31516-1583 (111 1115 511111 551 115151511111111
8111111111 1111115551). 8. 11-11.]

8511111), 11111515 (111 115 (1151111155 8111511511 51111511155111. 81115515. 1113.

Q 133 (55.

Ι8151 55111155 5111 [5511511115 (1111511511 55115 5131111151111151111
55151 55 15511151]

8155. 85115115. 1111111111, 81. AI, SubsIdia diplomatica 511. di. 13.

[851. 1511111111. 111 81115. 8511111518 Index Diplomaticus 511. uni.
Halbersiadensia (1. 1. 8115511151. 5. 3 11111, 5. 31301-1118.)
Β. 115. ibid. 11111.1155511111155.1339 51138. - 1. 11111111 Iud.

151511111111551151115 (1. 1. 8115515511. 551 1111111, 5. 3. 1311-

151115· 5511 55151151 11 15

111511155511511115851110.) g ’δ’ ' ⁹
Wdrdtvein, St. II, 11515 851511158151511155155515.

[81111111 „Novarum subsidiorum Tomis XIII. comprehensorum Index
diplomaticus chronologice dis 5511115ις 11511515151155515 161115,
5311137-11371531-31ς a debut 5115150111, 5. .1110)
p. 11; 1155551155 (1.811111115115. 1111. 111. 1. p. ⁷⁹3 1. 11111111
,1160Ι .59; 5. 1113. 111. 111. 3. p. 63; 5. 1169. 111. 1. p. 81· —
Ῐὲῐ11251ρ1ξ8525) pu 5. 1113111. 1. 51515 5. 1351. 111. 151105 5. 1101.

55555515. (31551115.) 1155111515. 5. 8155155551, 3. 651, 1151511515-
11111111515111, 51. 1155111511. diplom. -11555 81151511. 111 - - 8551·
(1155111511. 13515. 155111. 1150. 551.

111 (1111111118111 ,0115551551511511811511 5115 15111 1111111115 11115
51111115111111111111’Ι (11111350 1115 551118.) 151 puppi 5. ,956-1116,
11111111·1151111111 1111151 ..31151111
111. 1. 3. 1101-11995 101 11111, 1111. 1. 3. 1600-1539τ 111 11111, 111. 1. 3.
leia-1691: 1111111, 111. 1. 3. 1110 u. 1745: 31115 (5115551118 1111.
151 (dr 1111 . 1115 111. 5. 1111111 611115.,115115151 111 &tidie situas
111, ai 1 51141 1111 51115151.11111111511(111 , 111111, 81 d. 5511
11111111·111111111151581185115, 11511111 1. 1151»

 

