81111111. 818

zan. 1114. 81114111) 11111 811111, 811. 1. 1. 111111 1111. Q. 111;
(4885) 1111111111. 11111 8181111111 1111111111 11181111111111 1111118·
1111111111, (1111. 1. 31. Qu. 1113131111. 1⁸513Q 5; (4335) 1111111111
1111111111311111081·11181981111111111111155411
15. 311 1851. 11.711;1111111 111111. 111 1111111111111 (4340) 1111111111..
411111. 1. 14. Qec. 1851. Q 759; (4341) 8111111, 111111138111111853.
Q 87; (8443) 11111111, 111111. 1. 31111111 1853. Q 83 ; (4348) 6111111115
8111111,4111.11.14.8111111853. Q ll4; (4344) 1111811111ῶ111111111, 1811.
1. 38. 8111. 1853. Q 563 (4345) 11111111115ῦ111111, 1111. 1. 11. 11111 1858.
Q 803 (4348) 1811111111.11.1111111111,1111. 1. 37. Suu. 1853. ,4401
(4347) 1111111111, 3111. 1. 34. 3111. 1853. Q 933; (4848) 111111, 1111. 1.

’ 1.1111111814.ῶ.85; (4348) 111 1111111111, 1111. 1. 3. 311111 1854. Q

136· (4850) 11111111 . 8111111111811. 1. 37. San. 1815. Q 363 1111111,

. 811111111111 1. 1111111111. 1111111 1. 111. 4839. - &artemam

“ 1111111111.

11111111118118111111111 11131111111181 (4539) 1. 3ο. 11111

1 1844. Q 19⁵5 (4531) 1. 8. 811. 11 37. 311. 1857. Q 785. - 3111111111 111

1.(111111111111111111111111 (455111111611

1111111 1847. Q 2093 (4553) 1811111111811111.. &tbssgnsseffenffltffitffihvissg'

e. erl. 1. 5. 811. 1845. Q. 585· (4558) 11111111, 4111111111. 1. 11111111. 1.
3 1131111141. ,111 (4581) 8111118181 1. 1131111111. Q 31;
2³· 131 3111381· 38138111. 1113111311·

11111 1111111ι8>1111111 1111111111. 118 [11111111.1311111181111111111111, 1.

· 5. 311. 1840. 31111. 1841. Q 17. 1111111111 1. (31111111111 118

3111111111851818541 1111111111 111 11111111111 118 11111

.. 1118 (8111111118. 111111111111111, 38111118, 1111111111, 1111118, 31111118,

11111111111111. 8311111841. Q 141; (4811)

118 31111111. 3111· 11.1)111111811111118 1. 81111111 (4810) 1111. 1118111Ε
1111111111 111111 1111111114

'³³ 111 &tantm 11. 1111 1111111111. 811111, 1111. 1111 1111111118111111111118

3111111111 3111111118 1. 111 11111111 31111111 118 3111111118 1. 18. 1311.

. 1841. Q 3323 (4813) 1111111111 1111111111.1.1111 1111111111. 1111111111.

1

11

:t 111111181111111111118 118 1111111 111111 811111111131111111111 1. 19. θ11.

1841. Q 853;(4813)111111111 11111111111. 11. 18111111, 1111. 111 1111111111
118 3111111111). §nunaunt 11 1111 311111111111.1111.1841.Θ.898; (4814)

i: 1111111111 11111111111. 1. 4111111111. 1111111118 1. 1111 1111111111. 8111111111

1
11
Ἰ,18
1
11
2³

1 11111ηᾶ1111111ᾶ11ᾞη111ἥ11 glrmss'lgtgeffittlttte?&315ae³staedo eod. Q 34⁸3

1
3
8
11

rr, 11111111118111111811111111118 1. 8. 8111. 1843. Q 83; (4815) 1111111 1111

11111 111118 3111111118 1. 3. 1111111 1847. Q 383. 5. 3111111111 1111111111
ἓ111111111.111111111111111119111111118818161111111111111111
1111 11. 3111 111111111111111111 11111111111 1111111111 11111111 sort

111111111 111111. 111. 4784478811111111 8111111 1111111111 11111111 811

1111111111 1. 8. 1111184111. 154; (4817) 111111 111111 1111111 41111111·

1811. 1111111 11ι

(4819) 31111111ωεί1 11111111 1111 11 3811111111 11111111 (1111111111 1.
18.ὓ18.1841.6.371; (4838) 11811 111111 8181111111 118 1111111111
3111111118 111 1111 1111111111). 331111111111 1111111 1111 1111811111 1111111111
1111 111111 11111111 311111 (11111111, 11111. 1111111 1111111111111 11111111 (111111

ι.. 111111111111 11111 1. 81111811111111 111111. Q ³⁷³3 (4831) 11811. 111 111
ςιί 11111811311111. 1111881111118111811111,1111111111111111111141111 ·

'22

, 1 1 1111 111 111. 6871· (4833) 8111111111, 111111 11111111. 1811111111
:3 111118 1. 118 3111111111111111118 111

1181111111.111111111. 5111111111 1.

118 18. 3111. 1841. Q 39⁰3 (4833) 1111111 111111 111 1111111111. 11111111 (114

11

ἱ1
,1
³
1¹

11

1111111111 1. 11111111 118 6111111118 im 8111111111. 1. 11. 3111. 1841. Q 4003
8131111188 ’1 1388511881..31111113811

42·

 

