3661961. 693

1. 666666. 1, 664. 662. 11,102. 166 1. 6666116. 111, 166. 166. 61, 664
131. 111, 161. IV, 508. V, 214. VI, 266. XI, 146. 166. XIII, 197.
666. 611, 464. 6111, 601. 1113611 1611, 6416111, 666. -

-617, XI, 146. XII, 647. XVI, 2. 5666113. 61, 521.

235. 301. 303. 388. XVII, 223. 1563.

16111, 55. 66. 666. 1. 6666116. 1, 666. 111, 166. 664
1553. IV, 661. X, 94. 11111, 470. XVI,

1. 616666. 111, 616. 6, 666. 61, 666. 666. - 6. 666666. 61, 566-666.
ωω1ωωωω 1m
161, 666. 16111, 566. - 1. 6166116. 61, 666. 11, 660. x,
2. 5911116115. VI, 501-503. 95. 99. XVI, 237. 238. XVII, 26.

1666 - 2. 611666. 61, 626-661.

1. 56661116. 11, 266. III, 151. VII, 1565.

484. VIII, 502. IX, 317. X, 54. 1911115115. VI, 169. 288. IX, 320.
XII, 205. XVI, 304. XVII, 389. 321. 111, 493. 494. XII, 224. XIII,
1115} 64. - 6. 611666. 61, 664 461. 1161, 606. xv111, 66.

1666. 1. 666666. 61, 666. 1111, 161. 161,

16666116. 1, 61. 11, 106. 616. 111, ’ 666. - 6. 6616616. 61, 666-561.
151. 152. lv, 457. VI, 188. 281. 1581.

611, 266. 666. 1, 66. 66. 61. 66. 1. 6666116111, 666. 16, 626. 61,
59. 66. XIX, 11⁷. XX, 338. - 288. 111, 322. XII, 226. 281. XIII,
2. 56116111). XXV& 126. XVII, 412. 413. XIX, 116.

1. 5666118. 11, 674. 526. 111, 152. 1. 5611611511, 116. 1646161666.
166. 164 166. 61, 166. 261. 666. 1111, 666 11, 66. 11111, 166161,
6111, 662. 1, 61. 66. 1111, 46161, 1661611, 26.

305. XVII, 22. 228. -· 1569.
2616611611, 666-616. 1. 6166116. 61, 666. 6111, 664 x,
1557. 100. XVI, 240. 308. XVIII, 280.

1. 6666111. 1, 616. 11, 166. 666. 664 661.

III, 157. 315 IV, 379. VI, 282. 61616.
1111‚666.111111551⁸16. XVII, 622. 1. 5666118. 11, XIV

1561161151, 221. 11, 641. 111, 157. 1. 9666115. IV, 526. VI, 266. 261.
317. IV, 666. VI, 283. IX, 318. 440. VII, 106. 111, 322. XII, 479.
mmmmmm mm
XVII, 24 - 2. 5616118. VI, 511 1571.

-515, 1. 5666111). 1, 226. 224. 666. ΙΙ, 116.
1556. 666. v1, 266 111, 666. 11, 146-

161161166. 11, 60. 111, 166. 6, 666. 161. 161, 666. 666. xv11, 616
VII, 890. 451. 485. X, 93. ΧΗ, 111111,61. XIX, 120. 121. XX,
44. 11111,661. XVII, 328. - 116.

2. 6666116. 61, 616-616. 1612.
1666. 1. 56116118. 1, 452. 1v, 466. VI, 266

1. 55119115. Ι, 221. 438. 11,116.111, 295. 303. VII, 233. ΙΧ, 324. XI,
166. Vl, 283. VII, 452. ΙΧ, 319. 199. XX, 338.

111, 44 1161, 116.x11, 164 - 1616.
2. 56661116. 11ξό 516. 516. 1. 5666118. 1Πίῠ2ἱί4 X, 161.

1. 6166116. 1, 666. 111, 166. 16, 1. 6166115. 11, 6711111, 164 1111,
438. VII, 458. XII, 266. 220. XIII, 116-121.

466. - 2. 5611615. VI, 516. 526. 1575.
526. 1. 56661116. XII, 666. XIII, 472.

 

