111 1111111111.

111111. 1411). 411-414 (1111. 1. 1111111111111114111414111111
31111. 1411). 1091111111. 1111111111 1411). 111 fg. (1111. 1.
1111101. 11. 1. 111111. 1441). 119 (1111111111. Brund. 11111. 11111]

01111111, (111, 11111111 111 1111111111111 6111111111111111 111
11111111 1111111111 1. 1111111111111 1111111111 1111111111 11111111.
1111111. 1111.. 11. 11111.

13141 fflauolimbergn. 1111111 (1111111111111111 1411111111.
11111111. 11111]

1111111111, Chr„ On'ginos 1111111111 1111111111 in 1111111111 occidentali.
11111. 1110. 4111 0111111111 11111111. 11111111. 1111119
-111, 111 1. xm, ss. 111 1. (1111111111 1. 1. Β. 1. p. 10 111 &es
1111111111. (11111110111. 1111.)

0111111111, 01, 111111. 111111 1111111111. 61111111. 1111-11. 1 &t-

[6. 601-661 (1171). 679--611 (1106),]

θ11111111,111., 1111111111 111 0111111111111111111, 11111 (1111111
1110111111, 1111111111 111111 111 1111111, 1111111111 1111111111 1.
111111, 111 11111111 1111111111 1111111111 1111111. 11111111. 11111. 1141.

[codex pmbationum p. 191 (11111111. March. Wicher. Brandonb.
ο iao. Otto filins Alborti 111111. 1144). 1991. 100 (1111111. 111111111-

1111111.1144. 11411114 (10111111. 11 fil. 0110, Theudoria,
0110. 1111). 311 (episc. 11111111 11161111(10111011.111111.1111).]

omnen, 111, 11111111 111 1111111111 111111 11111 1111111111
1111111), 1111111111111 111111 1. 1111111111111111111111, 111111
111 1113111 1111111111111111111 11111111, 111 111111111111111111
11111111 11111111. 1111111111. 1141.

[Codex probatt. p. 1 (11111 11111111 . episc. 1101). 90111111. Com.
1101). 11 (111111. March. 1117111111. (1111111110. 1116).)

0111111111, 1111 1111111111111111111111 11111111 11111, 111111 11. 1111111
1. 1111 1111111111, 1111111111 1111 111 111 11. 1. 113111111111111111
1111111, 111 111ὓ11111111111. 1. 11. 11111111. 1131.

W} ΕΘ 13109 ⁹{Vto 11111111. 1011. 1111111111 6111. 11111.
. . . 111).111(11111111.Η11111.111111.11441]

01111111, 1111111, 1111111111 (11111111 mn 111111 111 1111111111
bet 111111111111111 11111111ι11111111 11111111 111111111111111111111,
11111111 11111111 11111111, 1. 11111 1111111111, 11111 1111111 1111111»
11111111111111111. 11111111. 1111. 4. 111

[161. p. 11 (1111131111111. wiohor. 1411111. 1111111111. 1114).
40111. (1110). 1. 61. p. 11 111, (1111),]

ῦ1111111,11111.,111111111111 1111111111. 11111111. 1141. 4.

1111111111 b. 11111111111. 11131111111111 111 1111111.

1111111. Q 1111 . (1111111 1111 1. 1111111111. 941). 111-111
(6111111111. 1. 111011. 1111110111. 119). 1. 11111111). 1141111111-
111. 1111111). 111 (1111111111111117). 1. Δ] h. ὕ. 114(111111111.1111).
11111111111111 1...11.1.·.1111.11
11111111. 1111). 116-111 (1111. 1. 111111. March. 111111. 1111).
111 (1111. 1. 0111111111. 1111111111 Lutatiae 11 01111111. 1111111·
nenberg. Ι,11110111.11111111111111111111 tottio.“). 141 (1111111

 

