11 mus. 111

1111. 1. 1111. 111511. 1555 -· 1111 61111111 01111). 551 1151111 .
, 511111. 111111. 11.1.Β1.1550.1555). 10551 . 11111. 1. 5111111111 .
1. 111. 11541. 16564055 (11111. 11. 11. 1. 1. 111511 1. 111115. 1459).
&olm-rja& 1111111111114111111111111111161111111111111
11. 61 161. 611111. 1. 611111. 1555). 55 1111151151. 1566) 15 115551.
1111110111111111111115111180ι Fndne. 11111111. 1555). 15611. (1111. 1.

m 11111, W. A.. Oordoolkundige Inleiding 111 do 1111111111111611111·
bad· 16511. Te 11111111. 1501-1801.

[1111 1. 115115) 0115111511. (1111 551111151111111111 1111111111) p. 91
(1111111. 1111111. 61111115. 1559). 101 (1111. 1. 11111111. 1111111.
1111111111 111111. 1559)]

5111111151. 15111· u. 6111561511. (511551555-1105, 1111. 1111111111
1111 1. 511111). 51111151. 1. 6. 515 fg.) 1699. Sam, 311. 1. 311-

51111 u. 511111ιῦ11111. 15111). 1111151. 1111111) 151. 51 (1111). 11

(1111). -

011111, 11. b. (5., u. ῠ111111115111, 111115 11111511115111111111 1111 811· ,
11111 1111 1111111111 5111111111 111 5111111555 5111111111 n. 511 5111111115
1111111111. 5111111111.

[Sam. 1555. 111. 1. 5111 (6113111111111111115111. 111111. 11111·
111). 611. 1111) Sum. 1551. 115. 5. ὅ. 149-151.)

1. 'essim 111). 651.. 61111511 111 11111111 1111111111 5111511511. 1111111
Eub. 1111151511 111 611111 1111 1111111 11 111116111111111 115 111111·
5111. mem 1111))11111111ὓ111111 1111111111111111. 11111111. 1551.

6111111116ιῴ1 6. 115 11. 119 (1111111111, 11. 1. 1611511. 1115. 1115).
155 (111111111. 11 6111111111. 1155). 155 fg· (61111111. 11111111·
1111 11 11111111. 11 Gom. 11 1111111111.; 1. 61115. 1111111111. 6011111
115111. 1151). 151 1111111. 1. 511111. 51111111. 11111. 1111111511
1. 111111. 11111111110111. 11 1111111111. 1151))

1. 1111111111. 6111111511. 511111515111515 511511 1155151111151111111·
111511111111111111111. 1111111111. 311111. 1551, 1111. Θ. 111 (1111111111.
marchionum 11 1111111111. 111. 1555 u. 1561. 111. 1111 Q 111 11).

Histoire 11 611111 1111111.51111.111111111 11 augmenta 11111111111111·
111. 511111111111 11111111111111 servant 1111111111 111111 Histoire.
Δ 611111. 1750. 5 Τ.

[Τ. 1111111111 11111111, pour 111111111111111 111111. 11 611. p. 5
11111111. 1111111111 ,11111 1155). 51 (1111111. 11511111. 1165). 55
(1111111111.111111.,1111111111ς. Epium, 111111. 11111111. 1165)]

1 (mum) Diplomtiseho 6111111111 111511111111111 1111115111 1111111111
111 1051 bin 1551. 1111111111111111. 1111111111111111. 1111111. 1505.

ΒΘ. 505 61111. 5 (11111111. 1111115111. 111111. 1111111111. 111111. 11
nonin. 1154). 501 511111. 5 1 111. 51111111. 111111. 11111151·
111111. 1151). Bo l. ὃ. 555 1 1111111111. 51111151111111111.
111111 11. 1111 16115111. 11551551 (1111115111. opizo. 1165)]

ξ 1111151111, 111111151151), Historia Ecclesiae namburgonsia Diplomnticn,
511 ist: 5115111111111151115111515111, 1115 1111511111111 1111151111
151115 11115 tumtum 1111111111, 111111 1111116111, 5111111511, 111511·

 

