Imma

1698 1. 1700. 6. 616-830. (61111111. 6. 69011.) 1111. 713111111
111111. (7 11111, 11. 1464, 1671, 1695,1696,171111. 1725, 6. 631-697.
61111111. 6. 639). 1111. 8; 81111111111111. 1. q. 11111. (0111111111.
6650). 1111. 9: 1811111111 51. 1611111111111111111). 9111111
6111 11. 11. 1011111111. 6. 660). 1111. 12: 5181111111111). 6.
(5 urst, (1119 b. 3.1313,1319,1381,1484 11. 1416, 6. 661-674. 6111.
111 I. 1111111111. 6. 615. 9111111111 1703. 6. 676-679.). 3111131
11. 61. (1111111111 1111111. 1. 1178 u. 1333. 66851.) 11111141
9. 1. 1111111. 1. 61. 61111111 11111. 1. 1574. Q 616. 311111. 6. 691).
8111. 15: 11. 111 1. 611101111111111 (6111111111. 1. 61111111.
11116119-103. 1111111111. 6104). 1111. 16: 1. ιιι ιιιι
1111111111 11. (4 9111111111 1. 1686 1. 1695. 6. 705-708. 11111111.
111 111. 1111111. 6. 708-710.) (11111 11111. 11. 111111. 1. 61. 1688.
6. 1015. 11111111. 011 11. 31111. 6111111. 1614. 6. 1018 1 . - 111. 11:
11111131 1111. 4. 11111. 1. 1701. 6. 111-113). 1111. 8; . 16111

11111111111111111111116111811111

R. 311. 611. 1484. 6. 346. 1161111111 111111. 1111111 1111911
1111111111. 1718. 6. 353). 11111131 1111111. 611111161111111
(6. 364). ς1111111111111. 6111111111 1. 11. ιι. 1111111 (1111111 111·
11111111111, 1. 1653, 1654, 17111. 1717, 6. 581-587. -11111, 4:
611. 1: 111111ιὶ1 11181111111111 111111111111111. 111111.
1. 1189 ιι. 1301, 1111. 1. 11111111. 1. 1. 111. 116 1111111111, 6. 9-5.
1-11, XII, XIII, XVI, XVII, VI 1. XXXII: 16 11111, 116 1. 3.
1351, 1361, 1353, 0. 3.. 1327, 1363, 0. 3, 1394, 1441, 1448, 170911.
1716, 1111111. 1. 11111. 11111, 81111. b. 11, 11111 1.8.,9111111.,
31111, 111111. ΙΙ., 1111. 111111. I. 1. 111111. 111111. 1., 6.6-19.10-11,
18-30. 35-40. 46. - 111111. 1111. 1111. 11811111). 1111111 11. 1.
1111111111. (111111 (1. 311111, 1. 1364, 13901. 1991, 1111. 1101
*11 ’1161615116 ’1661111111 19 61 [11161111 6112
1. 1344, 1358 u. 14351111. 111111111161. 1111111111. Q. 60-61'.
69-66.). 111. 5: 11. 1. 1111111111, 11111111111 1. 111. 111
1111111111 1011111) 1. 1111. 17086118 fg. 1911111.. 111 1113.
1391, 1317, 1347, 1364, 1409, 15111701, 1310,1180,1369, 1337, 1363,
1111, 1511, 1691, 16611. 1370, 6. ιι1-11ι. ι11. ι11-ι11. 11111.
1111111113111,1111 11111.61.9111111111111111
1111111 1111] 151-153 [1. Ω1111 1111. .). 111 .οε 11. b.P1i1ilog11s
111111111111111 111 1111111111 11 (9 111111111111.,119 13.
1111, 1111, 11111111, 1311, 1415 1117116111-111. 1 11111,
ιιι I. 3. 181116611409,14311464, 14651413, 11411. 1111 (111.
1113111111111). 6. 171-189. 111111, 1. 13401. 1987 (11111111
1111. 6. 189-191.). 1111. 9: 11. 11111111, 0111111, ς111111 11111
1. 6111111111, 1111111111 1611111111(1111111111111. 111 111111,
111111, 1111111111, 1111111111, 6111111111 ιι. 1111111111 6117 fg. u. ιιιιι.
6111-131. 111-111. 9111. 151 1111. 111 111111. 161-111.
11111. 179-18111111.). 1111. (111111 114111ιὶ111 111111 1. 61111111111111
1. 111. 1111111.111111111.,111 0. ἲς. 1718 1. 1719, 6185 fg. 187.
1891 .). 11111111 11111 ’1 1v. In 11111. 111 1, 11111111111111. 6. 308 fg.
111161, 1. 1675 ιι. 1601 (1111. 113111111111111111111111). 6 319-319.

1111. 1. 1871 (1111. 1. 91111111111ὢ11111.) 6. 38011. 111. 11: 11. 1.

6111111111111119111111· tIQt 1. 111111 11111 1111111111
11111 (1111 1. 11111111 1611111 1. . 1335 111111 011 6111111111 111
611111. 6. 351. 11111111111111 1. 3. 15806. 358-361. - 1011 11111.
111 11. 1111 111111111111111111.)

 

