im 11111111.

61111111, 11., 111111 11111 111116111111111 111111 1111113111 6111111
1611111111 1. 1111111111 11111111111111113111111111 3111
61111111111 11. 11. 1111111111. 1636. (76 6.)

[6. 31 1111111. 113. 9431. 1111111116. 1. 11]

6111111, 11. 11. (1 1141), 311111 3111111111 11 111111111111111111111111111·
1111111111161111311111111111. 1111111111. 1740. 1111. 611 111. 1111.

1111111111111 31111111. 1110. Nr. 1711. 1111. 111611. 11111 111 1111111111.

&iimgi'rgggisggffi 111 111111111, 111111 111 11111111 11. 111 1111111111
1111111111111111111 1111 111111111111111 61111111111 11111111. 11111
11111111 811, Nr. 14, 111. 11111111. 111 11111111 1. 11111111111. 11111.

1. 1111111.

(111 11111 81111111111 61111111 (11181111111131111111111, 111111·
mm iietgmu. 11 811, 111111 1. 1111 1111111111, mii 1 (1116111111.
111 11111111. (1111111111, 1111111111111111111111111 u. 111111111 11111111
111111. m 1111111 11 47 11111111111116111111111111111111111111111,
611111111111, 3111111111, 11111111 11. 31111111, 11111111, 6111111611·
1111111111.111.11. 1111 111111131111 11131111 111 1111400 11111111
111 1116111111111 111 1166 1. 1111111111 1111111111111111111111111111
1111111111, 111111 111 11 1111111111111111111111 1116111111. (1111111
111111111 11 11 111111 1111111 1111111111 1111111 1193.

„Gopimium civitatis Francos 111111 1111 Oderam‘ 1111111111 811.
1369311, 1113111111. iol. 60311111 1111111. 11111. 1 merua.

[31111111,111111111 111111 Copiarii Documentomm 11161111111111111111111
111111611111111111111161.11111111 11111111111111111·
11111111111 111111, 13 .11133-1713 11. rivilogiau. Confirmatio·
1111111. 111 11111111111111111311111111161116 111, 1. 3. 1199-
11131111111111 111 Jutis prohibendi navigationem 1 ua occasione
11 quibus conditionibus 111 61111111 11111111 111 tempus eiifimt (111111.
111111111111111111111, 10111111 1591-11141.111.Ρ111111.1111
11111111116111131111111311111131490-1.6171 16111111
1111111 mit stettin 111111 111· 6111111114 1111 1131-311 16713
VI. Documenta 1 Ρ1111Ϋ1111161.11111 11111111811111111111111
3111111 111,111 1.3.1314-1610) 1111111111111111111111111111.
616 111113111113 .-1141 1661111111111111.1111111.3111
1111111181(171111113313411-1113, 1111111111111111111
1111111111111111311111,1.3. 1317-1151). Χ.611-11’111111111131111
1131563-17131Χ.1111111Ρ1111113111111.41111-1113 1111.

111461, 1111..,16ο 11111 1111. 11111111, 811111111111. 1111111111

111 111;1.1111.1.1463,1.111113 1111111111.111111111611.
ς111111111111114311111111]

1 Libri signaturam 11.11111111111111111111311111111111111111111111
111111. 811111. 1,11111111111 111111114-11111- „Signatum-
rum 1111 memorabilium 111111181111111 civitatis Franooiurtonsis
111 viadrum codex.“ 1. 1166-1110). 1111111. 11 1. 1111111111. 181111
11116

0111111111 Documentomm urbis 1111111111. 111 1111111111. 18111181111163
11111 1111111 111 1111111111. 1111111111. 11111111 1111111111,1111.111

 

