96

1111111111.

(1314) 011 ((1111 1413 3111) 1. 3111111 (1111) 11.11((ι.111);

1 1111111131. (1301) 31. 13 ((1173). - 31111). 3111111131311113.

0. 1111-1131(11. 1111 ι. 1191: 1,(11. 1119-1999: 49, 11. 1331-
1991: 119, 111. 1400-1490: 99. 111. 1901-1991: 11). 13 11111 11131.
1111111111.,1111 111131. 31111111, 1. 3111113311111111, 1111.
11111113, 31131111 111. 11. 3 1111111111 1. Di 11111111131111-
111131, ιι. 1159-1315, 11130513 5
bie 31.1)1111111,111111)1111101 1111 11111 11111. 1. 311111 111111 111
31111111 311311 (1111131111). 1. 111111, 11111111 ,11 1. 31111). 1.
9111 ιι. 3111111111, p. 13. 1. 31. 31111111, 1. ι. 3111111111 1. 311.)
. 1-91; Documenta 17111311111311130111, 1111011111, a. 1190-1910,
31. 3, 11113-110 (1111 (11111111. 113 1111111111 1. 11, 111 31. 311111,
111 (31. 1. 3111 1. 3111111111). p.11-176; chartarum 1111111111
lindensis manipulus 111,, ιι. 1100-1163, 31. 11, N1.14-199, p. 99
-4113 01111111 ad illustrandam Ecclesiae 1111011111 1111111111 1111-
111111, 1. 3. 1463-1537, 3111. 111103-185, p. 940-991. 301ῇηῦ1111
(1111111111) 1111) 11111. f. 10111111 (11111 1300, 1311, 1311, 1313, 1314)
1131. 11111. 110-199, p. 311-333, ι. 11. 1411 1131. 13, 1113,
113133313133131331311·’113111111331113115
11, 13, 11, 11. 11, 91, 91, 111, 101, 1011; 31. 11311. 110,111,111);'
30. 11 (Nr. 30-37 incl„ 31, 33, 38, 40, 50, 19, 11-111111.,13,13,
31, 89, 98, 100, 103113, 113, 113, 131, 119,117,191,141,149,149,
190111, 111, 113, 113, 104, 111, 131, 113, 133, 133); 31. 11 (Nr. 109,
164, 166, 163-171 incl, 174-11311111.) 31111111 11111111 1113110).
1. 311. 01111. (1141) 31. 11 (p. 313); 33111111 (1113) 31. 13 (ρ. 31);
31111111 (11371 1136) 31. 11 (p. 100) 1. 3 ((1.31); 3111111 1. 31111).
8111) 111. 11 (ρ. 104, 110. 1911; 31111111 1. ,1111 (11131. 1311)
1 1 (p. 1, 1413 11111 (1331, 1113) 31. 1 (p. 111.11); otto (1109
11. 1174) 3119 ((1331. 9 (113)( 3111111111 1. 3011131111( (1133)
313 (1.13), 10 ((1311), 11 (1.13ο); 0111. 11. (1331 1. 1131) 313
(ρ. 11) 1. 11 (ρ.106); 3111111) 1. 3111111111 (1191-1303) 313 (p. 71),
11 (p. 131, 109, 109), 13 (ρ. 41), 3 (. 90 fg.. 90, 100 fg. 1.

rv 1-101111. (1 111111 (1111111 (111

111), 10 (1. 311), 91p. 101 ι. 133 (1)( 111111 1. 311111 (1311 ·

-1331)31.1(ρ. 19 ι. 31), 3 (ρ. 111, 113 (1., 131, 113, 131, 131,
133, 111, 143 (ς, 141, 111, 113, 111 (1.1. 113 (1.), 1111311, 331,
3311331), 11 (ρ. 113 fg.. 114); 1111. (1311-1311) 31. 11 (p. 109,
111, 114, 111, 119, 11311, 114, 131, 113, 133, 133, 131 fg.. 133, 141 fg,
111, 149 (1., 111, 113, 113, 113, 111, 111, 113, 113111, 119, 191,
191 fg, 199, 191, 199, 194 (1, 131, 199, 191, 100,101, 133), 11 (ρ.331);
01111111. 31. 1. 31311111. (1317-1318) 31. 11 (p. 109, 111, 111);
1111111. 31111111( (1313-1311131. 11 (111131, 110, 119, 191,
133); 31111111 11. (1113-1331) 31. 11 (ρ. 333, 111, 313 (1., 111, 111,
113, 311, 331, 313, 114, 333); 0111111. 1. 311( (1333-1331)31.11
(p. 397, 301, 309, 3171( heinr. (1401) 3011 (p. 911-999); 3111111110
(1133, 1411, 1113) 31. 11 (ρ. 331, 343, 313, 311), 11 (ρ. 331); 1111111
1. 1111 (1411-1413) 31. 11 (ρ. 311, 311113, 433), 11 (p. 940, 313,
314); 31111. 01. 1. 311111. (1491-1104) 31. 11 (p. 313), 11 11. 311,
311, 313 ((1, 313, 311, 311, 333), 13 (ρ. 13), 11 (p. 990, 999, 999,

· 367, 999 11. 371); 3111) 1. 3111111111. (1111 1. 1111031. 11 ((1316

, (1.111, 331( p. 909, 9993 3131101. 13)( 11 (1111, 131; p. 199).

1. 331); 8111) 1. 30111111 (1131) 31. 11 ((1314)) 9110 1. 311111. 1.

919: 3011 (ρ. 107, 401), 9 (p. 4), 10 (ρ. 330, 331), 11 (p. 119, 150 fg„
1903 (1307( p. 191 11. 1993 p. 310, 337, 338; p· 144, 1913 p. 19 ς
337, 333, 397, 303; (1331. 999, 946, 313, 353, 363; p. 919, 378, 401,
413), 13 (p. 949), 11 (p. 338) 11. 13 (p. 9493 ³⁸³9 99413 1 (p. 19); 11

 

