108

9179111111,

11911( 8. 91111. 9118111911(11199 e 1110). 91,1.,(991.99(9 91119
(1119199981 1069( N. (1111). 11111ῇ( 1061( 91111 (1119111111.
11818818888981118891118111811161189181888188 (68(88861818118181118818181818( 88819 1811881181
111(1198111.111ο),111(1ἕ116169,6118919118.111.1.;9811.18(.106,
91.1,(.11.( 916. ((11.919111111181 1911 91111111111111

1(550),11811.,()1.757· 6119118811 ,8511188 1111858111. 11.911. (1488
8(11.1, 819981Ξ-9111191911198889

(1111). 91 991;1..,111(111181898988881991881981118111818818
91, (18808. 11161, 88 l p 473. 491; ,93ἷ11 11, 8 91 (111,81,198) 11
91, 1.( ,919 91. 9. p 1119( 911111 (1991). (1.,(199918
9111191-1919 911 (11.1(1,’.991191,191.11111119118999).
911 848. -Μ17111ἶ11111818111118, 1111, 8. 3 1166. 911, (,11118,
(91111, 88tntt8).- 81. 8. 91111 118111 81111111 91111191, 1, 18, 9, 48.
5. 981.111-.111(1911 (11. 8. 1111111118 911111 1111119119 (1 1137
-1196,1116-1516,1163-1316,13198-1199,1190-1517). 91811.
19111111111111191111118. (91.1919111111111911119191111 81,
(1.1 8. 1111111 9191111111, (11, 11911111 11911911.(11991
(.6(1),,1ὓ111111111191,11,9.-991 (1911191111111111
91181891,1111111111111111,(911111111, 111111, 91119, 911111111111,
9191191811 1, 11191011111911111118111 11. 1111181111911 11111( 11
91. 1, (9.1.(ὅ.1,(11111111μ-1111111,1191111911, 9111111111· 111
8.. 91811191. l, 1, (11.1 91111119119981. (9111111111, 19111,
,111181111,91111119181111, 1191911111 9911111111, 1111111911,
911111181191111111118,999119111611.911119111111118.
(911111, 9711111911111,8119111991.11991191.- 9111119111(
191 88 1111 (1191) 911196 (1119) ibid.p8.85. 91111, 9111111111(
1.91111,911111111(1111881197)91.1,(,9981. 91,9.(,(·,91111111)
(1169191. 1.(117( 11111991(11(91811.91)111.(,1(81.98(19 9119
88811168119188198188881188 (1991, ,14919 89988188191818898188889
mmm: ᾒᾶ999ἒ888ἶ1 ὄῐῗὲξζξ. ’ἐξ881ἒ111184ω88 91. 5. ἕω 98. -8818Ξ111
11181118888Ὰ18911Φ8Β861916119791.891411,7711ἔ11189881979),1181168811,7’184(888.;8
9111111191 (1991). 91, 5 p. 848· 9919111181 111 (199911, 1996), 918 9,
Ε605. 699- 888 (9111(ἰὶ ’.88 1 111.19(1199),(97918,1911.
r 65-69(511111.1,1309-,(.11) 996-1191··’,91 ³ 88111. 888. 8.(911
(1999,161919911191199191111811111, 8. 91181111111911))(.(.19 825.
88 8. 888884882 9111111118181911 119, 9191911 (1999) 888
.1177.91.9,91111118.11 (1.1. 11118111( 91111 911 8. 8( (1.119)
111181. 818 9111188911181811 (18.8 1.(89811181811889111811 811919811918188181, 81898981).
(11.9..18991 8443 (91111, 8 1. 88 (19718111118999. (1111911
(1119). 1,,(1,1909(91111.1911111111111,(16ο7).11).(.1959.
9911111199 189111194111, (,1919--911111991 rotmannum)
888 (...(966 1911119919.971.61.911191119 1.1, (1.991
911, (1.9 ,9 9111 8911111191 1, p. 1911. 911( 818. 884
p..-581 -918181111991 181 11119 911119 (999) 91981 811111,
819711)(ἰωὴ-111191811,ἓ111(11ρ18(117ο1. 116..) 88.³.p.1089.
11 ,1191111111111991 11 191· ,.911119 (1991).11’8,;(119
91 1118111. 1191191191, 1111). 91..(1 ,1,11 91,.(9 ,(119 1911τῖ
1111111170116, 11911191) 88 1.p ,88191 511, 911. 889 (1.8,65 840
(1111119. 891118( 9111111. 91811991 (1111 1919, 1191191. 1,
(89.70( 91818191( 919. ,(1116 91111, 8. 9981119191 (1166
9.(979).891,.(9,899919511,(.8799818.·11191 88. 9111111118
(111918911889981181111,91111(199119199191111,

 

