Umwm

11111 1. 1211 11. 1241 11111111 111 11111111111. (1111111111 11111111.
2. ,1111111 ,3111111111111111111111111111111 11111111 1111111111, 11111 111
011111111111111 111111111111111111111111111
111. 1111 1111111111111111111 1111111. 1111111. 111111. 1111 6. 31).
111111 „Registratur 111 111111 diplomatum 111 Wol autb 1
111111 11111111, 11 1111111111 in originali 1111111111111111]Ι
1111111111 ,1111111111 11111 ao. 1711111111113111111 11111111, 11111111
im 11111111 Ῑ11111111111111111, 111111 111 111111111ηᾲ11 noviter 11111811111111
1111111111. 0..... Α. W. ao. — — -. 111111111111111111111111.ε 1

11111111111111 1111 ,111111111111111111 111 11111 1111111 1111111 111 ,

11111ᾗ11111111111111111111111111111111111110111111111111111111 ¹
111111111111111111111.11ἓίἷὲ11111111111111111111

(ὅ. 36), 11111111 111 61 1111111111111 &eitra 3651111, 111 1111 11111
3111114117, 111 11111 1. 11. 1413, 11111111111111111111. 3. 1194 111169),
11.11111111·1111111,,1111111111111111111111111111
1. 12. 311111, 1111111. ub. 1. 3. 1194, 11111111 11111 111. 111111-
111181 21 111; 111. 1. S. 1303-13981 119 1111; 11113. 1401-1499:
124 11111· 111. 1. 3 1500-1599: 113 11111; 111. 1. 3. 1600-1626: 811111;
11111 3111 111111. - Nr. 1 (. ῖς. 1401) 11111 111 11111111 1111111111
11. 1. 1111111 1111111111 111 6111111 1111111111 111111 1111111111 11111111, 11
11111111 11111 1111111 1111111111 111111 11111 111111 11111111. 1111111. no
111 (111. Θ1111111 &waben 11111111 111111; 111 11111111. 11. 3. 14131 1111
3111111111 111 11111111. 1111111111 11111ὓ111 11111111,’111111111111111 11
1111111111.11111111111..111111111111111111111111111111
1111111111 1111111111 1111111111111111 111, 11111111111111, 1111111111111,
1111111111, 111111, Db 1111111111111 11111111, 61111111111111111111 111, 11111 .
1111111111111, 1111111111 1111, 3111 111111, 1111111111111, 1111111111,11111111111
11111111111111111ἓ111 11111111 1111111, 1111111111111111, 11111111111111 111
1111111111, 11111111, 111111111111 1111111111, 111111 1111 1111 111111 1111111
11111,111111111111111111 11.11111111111111111,111”111111111, 11111111 11 111. 111111.
(111 1111111111 1111 111111111111111 1111 1111111111 1111111 1 111 1111111111
11111111111111111111 1111111.”““1111111”“11“
ὀ1511111, 111 1111111111), 111111 11111 11111111 11111111111111111111
1111111 , ῶ11111111,11111111111111111111111111 1111111111 1111111 111111
111111111111111. 1111111111 1111111111, 1111111 1111 1311 11111 1 Qut
111111 u. 1111 11111111 11. (1111111111 111111111111. 11111111, 11111111, 111
11111, (11111, 1111111111, 11111111, 1111111111, 1. 111111, 111111111111,
161111), 111111 111 1111111111 &tantm (11111111, 1111111111,1111111111111,
1111111111, 1111111·111111111111
11111 11111 11111111 111 11111111111.111111111 111, 1111111411 11360),
1ηωηωωωψηψ111111ωωΛηΜηκ
111111111111111111111.110111111111111111111.1111

111111 11. 1383 ,1

11 11. 11. 1 11111111, 111 1111111 1111111 11. (1111111111 11111111 1. 11111111.
1111111111 111102),11111111111111111 1111111111 111 111111 1161111111111
1111 11111111111111111111 u. 1111111111 1111111111 1111111111 u. fflsu
111111111111111111111 111111111111111111 11. ξς. ⁸44) 111 11131111 1141.
Μ111ω1ψω1411

 

