112 11111111.

1111111111. Q 199, 53⁴3 11111111111116111111, 1. 1111111111 u. 1.) 11
1131111111111111 (11111. 1111. 11111111. Q 11419. 111-15311.
119 fg. 191. 211-213 (11111111 1111111111 111 131111111111111111.
1111111111 Q. 105 fg. 119-111. 151-159. 162 114 111 1.11111111111111
Q 155 11.; 111 1. 11111111. 111 11111111. ῇ11111. 6152 194 111 e.
111111111111111111 Q 217; 111 1. 111. 1111111. 6111111. Q 21119.)

Harkgr. Jossann. 1111111111. in 811, 111. 1111111. Fol. 350. 111 1. 1111191.
11111. ³· 11111. ’

[111111111111111111111 11111111 (1111111111 11111111 1. 1111111111-
annem de Ao. 1539. (25 ΘΠ

, 1111811111 u. ihre 1111111 1111. 1111111111811.(16.),111.811111. ⁴
1111. 294. 1111. 1111111111. 3. 1111111.

[11111113 utrm 111 1111111111. u. 1 1. ‚m 111111 11111114
{12⁸3}be 111 rw 11 1111111 1. 111 11111111 111 11111111111131111111111.

Sobann 1. 11111111. (1111111111 11 1. gaad). 11. in: 11111111 1111111 1111
11111. 1111111 1111111111111. 111. 2. Q ‘lb-78. - 31111111 1. 111 111111
11111111 1. 11111 111111111111111 11111111119111111111111111 1. 111
11111111.1111111111111111111. 311111. 1191. Qt. 8. 6197119.-
3111111 (1111. 11 111111111111ε 3111111111111 (11111. 1. 111. 111111
1111. 111. 31111. 1. 1. 11. Q 191-139.

Index Gopiarii Brandenburgiei. 1111111111 J ohann Georg’s 11111111 u. 11111·
1111111111111111111111ι &bau 1. 1111111111111 ex annis 1111-1515.
1111111. 11111, 11126, 11 1.111111.11111111111 f. 11111111. 111111). 3. 1111111.

6111. 11111311). 111111 111 1111111111 (111111). 111111111111111-(111. 1111
Q 207); 111111111111111115 111111111111111 111 61111111 fiber 111
(1111111111111111111 ς111111 (11111. 111 (1111111119, 1111111111111111
1. 11111111 111111 1111111111. 1111111111ῆό 1. 1111111 1. 91111111111 111 3.
b. (1111111111 1. (11111111111111111. (11111. 1. 11. 11111. 1791-1100.)
111, 441 111. - 11111111 11111. 5111111111 111 11. 311111). 111. 2. Q 121 fg.
91111111.

1111111 111 1111111 911111131111111 811111ῑί111, 1111111111 1111111
11111111, 111 11111111119111111111111111111111 111 (1111111111, - --
1111111119, 111111 1111111111 in 111111111111. 11111111111111111111 111
11111 1111111111 111111, 1111 111111ῇ11111111111111,1111-,11 111111
111111, 111111111111 111 11111111, fou gebalten 1111111. Anno. 1599.
ῷ1111111. 11 111 (14 m), 111. 1111111. 01111. 42. 111 1. 111131. 1111111111.
11111111.

3111111 6111111111. Ε11111ἰ111 1116111111 111 111111 1111111111. 11;
11111111 Qut. 1.11.11111111,51; 111 11111111 111 1111111111 1.

1111111 1111. 1111111111. 1. 3. 1609. 11111111. 11 11. 111111111111 1111
1111 111 111111. 1111111111.

1111 11111 11111111111 111111111111111111111 1. 1. 1111111111. 1111111. 8111111
111111, 1111111. sigiwunds 111. 1111. 111 1. 111. 91. (1111111111.
111 1. (111111. 1111111111 111 111111 nutet 111 &unqenidam 1111111111

 

