87 uturum.

1703 0107177. 0. 011701071110. 017011011100111, 1704 711. 0. 071071,
771107. 0770000100 0. 0110117100100100107111,1700010717. 0171071,

1709 7071371110110700117070, 1710 010. 11010, 1719 0110171, 1777 7100711
0. 11010117. 01771 1. 010 01100070. 11700010, † 1743. 1707. 1711110010. 70.
- ὖ. 177-770. 17. 1171100010, Commeat. 110 171107 0117711707. rt. 170711·
1101170. 771770. 1707. 0. 01777110 1111111111 0. 0111770. 67111011070 Bb. 1.
§. 176. 6. 379-337. u. §. 179. Θ. 331000- ,171101110οί0 01111 714-
01011700011 010 100077111. 010 01110711 u. (1110110110 7771100 ron Lnduwig,
70 0. 9110 April 1774 0010 010 01111 (0101010007010017110 10177100,
11010077100110 oud. 11070 01010 01011010 111071711τί00 00177701 11111000
10 010 770707. 1011011011 Archiv, 170 00071111110 01070 0107110, ,0101 ue-
roript 010 0171711010 7770707017 110111 17 17017. 1774 0070701, 0111070707 murs
010Ι (71171.0011101011101771100107110, 1100101110, 0001117010,
71700010010, 01701171101,1171007170, 1177171110.317770),000οι ³
1177171 10001· 113 6.), 110 0170001110 0177 70 170001. in 107. 65. 1111170

17007011ῶ1010171100 011 301070010177010 00170177701017 0171171110,
Reliquiae manuscriptorum omnis 0077 diplomatum 00 monumentorum in-

editorum 1117100. 1717110. urs. Leipz. 1770-1747.

[7171171100 1117110010, 01101 1701011710 711101007107701. 7171 11111. 7700
01001010077010101 717071ἑο170, 01ηο3070701ἑὲοἐ 0121 ι1111001οιοι..770011101οι0οι
7177717777οῗ1771.7111οι010οἷ7 0. 1470. Nr. 370.τ 00017771 nau 17107117
011177 0117100171. 1107. Nr. 14 u. 49. 7 1117101701001. 0. 1170οι
010, 1707 u. 1747. 7111-91. 0 11117. 0. 71770. 0. 01101177, u. 1147
-1110, Nr. 113-000. 011111. 0. (01. u. 7110107110, 0. 010-1470.
111. 07-374. 170701 4011177. 0. 011110 0. 1111171117, 71. 1710-1460.
771. 303 u. 379. 7 17171. 011 &u 1111117011, 1410 0. 1007. 711. 109-
103. 1611177. 0. 110001. 0. 707170 . u. 177017 1. 01101770, 0. 1709
-1000 111. 706 0. 707. 7 17177. Ι0111. 7. 017071. 0777 0110717111. Nr. 1³0
’.711071777111171711071000.7101
1379), 011-741 7711171, 0. 1707-1040, 101770 07171711701. 0. &turn
01110. but. 701110 000 0107171110 1000171101. Nr. 49, 66 u. 771 311177,
0. nou-1395, ,0117 ,0.0100111110. 771. 111.301711171.0.1174
1. 1707, 0111717. 010 1071070. 71710017. 1. 010 1111010. 0170110107.
711. 1³ 11. 161 711171, 0. 1166 0. 1190,0.111170.010 117010010011711ι
717111 ; 17009. 1111. 01011770. 1. 1100071010, 1797. 1. 13-071
101117 ., 0. 1166-1390, 0171. 000 177077. 011000. 11134 0. 47. 711177..
1771 u. 1004 0111. 0. 777071. 7170111. 771. 17. 1117. 0. 1701. 0111. 010
177071. 007 0. 01111001101. 111. 10. 1117011170171001017. 771. 76.
[0000700711οε100710000107100. 111. Codex epistolaris untiqui-
7170111107700701101101771000011000070, 1110 0110100701. 0.
11117101. p. 330-400. 100107. 071 „Diplomaturium 1770000000
710117οοί0110ιῶ 0. ‚Codex Viennensiu“‚ 0070017171. 11170171,
1001011711 1017111.. Nr. 00-177, 071 117117 111110100. 0111. (Nr. 00,
107, 107, 107, 109 0. 113 1171170. urrunnun· Nr. 110. u 10001710
0. 11110110 Nr. 101, 137 [077711007117. 0171070. 71110010 ., 130,
131, 176 11177. 0. 1110701101 01000100). 111111 7011177. 01011 10·
0171010 unu. 00111 60 010 107701 11707111 1117. 11. 011010, 00 01110
minoem 10 11. 71010010 unq. 01010 10307717. 6. 777-701. 0110
111101 0001117111 0. 1041 (7107001000 1011101777. Nr. 104 1. 100 0111.

 

