1101010110. 41

[1101111111 010101111110111. 1111 101 11111111 (111 1111111111 01111111
0011111101011111.1111111111 unu) 00 111 11001101011. &titb- (011. 1.
11001010, 1202, 1000, 1100, 1100, 11111210, 1111, 1100, 1333,
11011000, 1333,1310,1311, 1011, 1313,1313, 1010, 1331,1333,
1000,1000,1000,1000,1000, 1001, 1001, 1010, 1011, 10101011,
1301, 1417, 1473, 1474, 1190, 1100, 1333 , 111111 autb 001 111 Ouid).
111 1111110111 1311100 11 1010110 (01 1. 1111, 1111, 1101, 1111,
1010, 1401), 1 01( 110110 (011. 1. 13111, 1 0011101111. 8111111111 0.
1111101111 (011. 1. 10711]
ΟΜΝ, 3011. buti (1001, (1 1798), inventarium chronologicum 11000110
Ρο11101011100 01 Principatus Rugiuu vicinarumque 1011011101 1111110010-

tum aliorumque 01111110 generis instrumentorum 00 documentorum 010.
1000111111. ud 0. clamem incl. 0101010100 00 publici ium iuris 10010·
10111 additis ubique libris 00 exhibentibus. Dbut 111111111οί1 111 111
11110 11 §.itud uutbunbenen, 101111101110011110101110 0. 8111101100
1111111, 0011 111 110011100101110111 0111110110111100110,1101Ιο tuus
(111. 110111. ibunt 01111111. uui> 0011111 6110000110, 1110111111, ς1111
11111110, piniti. 1101110,11(111(111111 &thuben 010. 010, (0 1116011001Ιῶ
1111, synodos, 11011 u. 11111111 ῧ110111,11011111, 1011111011111, 111
&tutta 1101111011010111 1011 11110101 1110111, 111000001010,11111111
(11, 111 31111011 1111001111 010. 010. 111111 10011 11101110 01111 01101110
111 30111111101110111, 811111011011111, 1111111111, 1111111111, u. 011111
11111111 11111111 1111010111111111 010010, 1111111001110110110001 1101011
1101111110 31110110οη1 0010 1161110 111 10111 1710111113. 101101. u. 0111 biudis
10111011, 110 111 1111111111 111 10110, 0111111οῄ111 101,01111111101,0 0111
111100 1011111110 1011 1011011110 1111110011 1111101111101111111111, 010 1. ibet
111 6111111111, 100111 1111101101110 1111011101 0. 111111 111 1011110111
burin 00110001010601111,01111100. 1010011. 10 831.,H13pt. in 101. 30
(176 ἓ.) 11 1111111110101103011011. 1. uiuunt 110 111. 3000111110·
1101101. &nnn 11111110. (1111100110 (10111111101111111111101 11110
111111 1. 0. 1111111111 1116001011. 1100110. 11111. 0. 101. 1. uicum
bing't 1111111110. tinnu- 11111).

30 11: 1. 11011110 1111000111. 1011 (10 6.); 1. 1101111111 11010

¹ benten, 111 01111110 111 001111111110111100110 1111011101 (101 (01111οι
btfbtsst‘tttt25333·ititiiitit 3333333533333333332
1110111110 11111111311111 tuit 30111111 0. 1100101111. 11011111101111111·
1111111111 iuni 33 ῦ1110111110) uidit 011111 001 70 301111 0111110, 0101111·
(111111 ,(001110111 1 undu 1111 11011 301111 1111 -1111 100110 &eitun
1111 quit - 110111101000011111 00, 1111111111111.111110, 11111
0110 1111 0110111111101110111 1111101010 0110 1011110 (1101111110
iu 0001111011. 01010111 1111110011111. 30 1101111111011111
11111011110101110 0111111 (0 1101111 11111. 0111111 0011 111 iiiut! bruun
111001131101110.1111011011οὓ11 10, 1111110010,1)0110,1111 ο
11010110. 10101011 010]

(bt. 0. Minu, 00.11.,111011 1101111111 111 001 1111111011
11011111 &amulung 11011011τὶ0111 1111011110 1018111111011 11111100-
011οἰ1 Ρο11101011100 vicinarumque terrarum diplomatici (0. 3. 1170-1110).

11111 11011 burabe 11110001111110 3110110 111111. 010 301. 1011110111.

1

 

