1111111111111. 111

111111. coloniens. 1111111111 privilegiorum 1111. 1111111101. ss 811·
111118111111111111111111111111 11111 11111111 mmmm 11111111·
mm 1111111. 1. 1117. g> Privssogium (1111111 0111111 vino (urbi Xan·
111 1111111111) 11 Sententia inter 111). 111 11111111 1111111 devino.

mm, A.. Codex diplomaticus 81111-1111111111111111111. uit 8111111,
,1111111111 1. 8111111111 111. calu. 1858. 111. (XVI 1. 1416.) 1111111
Bd. 1 1111111111, (1111111111 (111 (111111, 11111111 1111111111 zu 8111111111· Δ
1111111111, nebat Genealogio dorjenigen 1111111111, 1111 deuon 111 1111 1111111
1111111111. uit 111111 1111111111, 1111111, Singula 1. 1111111111 111
1Β1111.) calu. 1151. fol.

codex (1111οωῦ111111111111111111111111111 1111 ὓ111’ 1111. 1111
11111111111111111 1141-15116.111.Β11111. in 01111 141 111 1. 1111.
11111111. 11 1111111.

1111 8111111111 1111 111 1111111111 1. Remum. &mom
1111111111 111 11111 1. 1111111111 11111111 111 111111111111111 1. 11111·
1111111111 1111111 1. 111111111111111 111111, 11111 1111111111 1111 fle·
111111111111111111111111. 11111111. 1711-11. gt. 1. (1111111111
111 111111 11111111111111 111 11111111. 311111 1 11111 11111811
11111 diplomatica 11111111111111 01111111111111111111111111 regionum
1111111111.) - 11111111 11111 111 1111111111, (1111111111111 1.
1111111111 111 11111111 1111111111111111. 1111111110011111, 111111.
··· 11111111111111111111111111111111. 3111111 1111 1111111111 1. 111
1111111111. 111111. 1111-11. 1 1111. - 11. 5111. 1111111111 1111111
111111 1111111111 111 1111111111111.111111111. 11111. 1111. 1111111111 1.
Ι1111 111 1181111 1 1111111111 111 1111 11111111 111. 1111111 1.
1111 11. 31111.; 1. Θ11111111 1. 1111111111 11111111 1111111111111
1111111111 au 11111 1113111 111 (1111111. 11111111 [111-1111 11111. 1111.
111111, 11111, 111 ὓ1111. 3111 1. 11111. 11111111-11. U. 1111111111·

, 1111 1. 11. 111111, 111111 1111111111111(111111111111111. 1111-

111111 (11. 1: 1111, 1111111111, 1111, 11111111111.1.11.,1.

31 17111-1111, 1111. 111 (11111111. 11111 11111111 111 1111111111 1111·

1111111111 1. 111111 11111111 [116-1011 11111111. 111111. 1. (11111,

11111 1. 111 1111111111111111 11111111 111 111111111111111111111111 [6.

1101111 10 utu.. 1. 1111-1110, 111 11111. 1111111 1111111111

11111111, 1111111111. 111 (1111111. 111 11111 1111111111-1111. -

11. 11 1111111 1111 1111111111 111 &t 11111111 1111111111 11111 [6.

11-111]; 1. 1111111111111 1. (1111111. 6111, 1114711611-

100];1111.1111 1. 1111111. &nubum 11 11111. [6. 111-11η). ·- 11.

11111111 1111111111 1111111111 1111111111111.111111111111111111.1111·

111. 1110 111. (11111 f. {Remu 6111111111111111- 11111111 111

1111111111. 31111. 1111. 1111 1 (1 111 6111111111 111 1111111111 111·

 

