6111111111 161

1111. 111 8113111111. 1. 3111. 11). 113-71. 11 1111111111.
1111111Ν11111111 1. Ν1111111111 111 1. mutat. 1. 111. 1. 11. 31111.
(Νι. 19-61, 1. 3. 1140-1107, 1116 1111111 11111 1. 3. 1110-1311, 11.
1111 6 (111111 111 11111111. 1. 1111111111 111.,111 1111111111111111. .
(1.71-114.ΙΙΙ.11111111111111.111111111. 1111111(111.11-111,1. .
1131-1416, 1111111 1111, 1111 1111111111 1. Νι. 71 (1. most. 1. ,111111
1. 61111111. 11111, 111 11( 11111111. 1111111111. Νι. 1ο, 1. ,19111
11111. 11611117 1111 111 11111111. 11111111. 11111111. p. 117-111.
lv. 0111111111. eeclesiae 11111ἷ1111111111111 Tangormfindo
(Νι.111-131, 1. 3. 1351-1131, 1 1111111. 111 ὓ1111111111 1111111111
11111 1. 1111111, 1111. 111 111111111ῗ1111111111 111 .- 1 1111111111 111
111111. 1. ssim.. δ111111.,111111. . 11311111. 1311111111(- 1111.
111 1111111111 p. 111-1111. p. 119-331. V. 1111111111. 111111111
colle 11111 in 111111 Arneburg (Ν1. 137-149, 1. 3.1377-1607,1111
1111111111. 13111111111111 1111. 1111111. 111111111111111111 1131111111.
111111. 1111111 11111. (1111 1. 111 1v., 811111. 1. 3111, 1111. 11. 1.
31111111 1. 1111111 1111. 111 1111111111 ,331-3931. p. 339-390.
Vl. (1111111111.11111111111111111111( ι. 110-114, 1. 3. 1250-
1416, 111 originum. 1111. 111 1111111111 p. 399-316). p. 997-411.
1111. 111ρί111111 1111111111 do 111111111111 (Νι. 111-211, 1. 3.
1111-1111, 111 1111ἶ11111111111 111 1111111111.11111111; 1111111111 11111
11111111 1111 111. 311111 111 11111111. 1. 1111111111. 1111111. 1111111
11111 11111111111116111 111111111111111111111111111111111111
1111. 3111.311111111ρ.111-114.1 ,431-170. 1111101 loma·
111. miscellaneam (Νι.111-144, 1. . 1301-1643, 11113111 111
111111 111111111111 11111. 1. 111111, 111 11111111. 11111 11131 .
11111119111111111111111111111
111, 1111 11111111311111111111111, 1111111111 11111111111111111 11.
111 11111111 1111111111, 1111 11Ν1. 117, 111, 119, 113, 117, 111, 213,
143, 111111 1111111111 11111, 111111 Νι. 119 1. 3. 1910, p. 198-633;
Νι. 131, 1. 3. 1411, p. 6³6-646· Nr. 234, 1. 3. 1511, p. 611 111
Ν1.144,1.3. 1641, 11617 111.. 111111 111 111111111111111111311111
11Ν1.214,120,221, 2311113. 1447,1331.3.1411;Ν1.1131.3
1311, (1.177-131, 1111. 111 1111111111ίῇ1 111 111 111111 111 611111
1.11111111.1.11111111.). ,173-691. 111111111111111 1111111111
1111111111 sonions .B. 111 1111111111. 111111. 11111111). p. 1193 (11.
- 1111 111 1111111. 1. 111111111111 11111111 11 1. 1111111111. 111.
1 111. 1111 311111 1. 11111, 1. 1111-1113ς 31 111,ῦ1111.11111.,
1. 1171 1.1191; ὓ111,111111111 1111111, 1. 1111ς . 111 u. (1111, 1. 1288
11311111,1111111111111111 1.,11181113111111111

1³12; 111 11111111. 1111111111 ((111 1111 111 1111111111.ῶί11111.1.31111;

11111111. 11111111. 3111.. 1. 11111. 1. 11 111 1111111111. 11111. 1. 111.
11111111. 1671 (11111111 111111 11111111 1111111111 111111111111ὢί11
1111111 1. &bum 11111 11111 1.1111111111111111111111111111. 111;
11111 6111111. 11111111, 1111111111 1. 1111111111 1111111111 11111111 111
111111111111111111·111111111111111111
1111,111111111111111111111, 1111111111(1111111111111,
1111111111111,1111111,13111111.1.; 1111.111111111111((111
11111111111111111, 111111, 11111111, 1111111111, 11111111
11111111111111, 11111111, 11111111,11111,11111111111,1111ι
11111, aenigmata 1111111111, 1111111111, 11111111 &ab
1111, 611111111111, 6111111111 (11111. 1. 1111. 11113111· 1.
1. 111111111111111111. 11111111 1. 131111

11

 

