281 1171171177.

[Τ. 17. ξ 112 (1171177177 77777117 17 finoni», 1111) su (tw
117771 777777. 777777). 671 (H. 1177711777777. 777777. 1220). 11.

p. 777 7.· 777 (7777). 777 (77777. 777 77777 . 777 (7177). 777 77777).
11011712). 1117 p. 1291.113-731 11 7171717111771717177,
1177111717, 77171717. 111. 1. 1117. 1651. 11017. (3717771177 1.
{a 7ἴ 1τὸ 2311le Ι117. 1177 1. 1171117717 am 777711 ,17717 17717. 117 &t

1717. 7. 17777777, 3., 1711111711117117111717 1177717111 1111Θ7171171171117711
177 2111117171177. 1111771777771771771777717771177117177177. Su 77771
111171177777. 111777. 7. ξς.

[2. 111117 Codex probationum diplomtio. 117. chx. 1710117. 1111111

(1717. 7177777777.) 177117 1177 (1777771117, 11117717, 6177117 71717717
17711. 11177. 1

187177. 12 11121). 61111117117717717787777177. 1110)]

Horu, Jo. (17111, Princeps 77 maioribus 777771771777 7177177117717777117-
mus saxonicae felicissimus perinde 77 gloriosissimus 1177771777 cogno·
777717 111771717 landgravius 77771771177177177 7 77717 11771717 primm
11777117 1117777717 71 0717717117, comeo Palatinus 87777177 1777777777
1117777717 Dominus 771 qua 17177777, qua 7777117777 suorum 7711777 ox
unctioribus 1717117, 7777 partim 17717777 nondum 7711177, napo 7777777
7117777177, fidisque 77711 77777717771117777771771777717177 777777 7 non
pnucis erroribus 71 corruptelis - vindicatus. 17771. praeterendum 711-
71777117777 77717717 quaedum 71771777 1777 argumenti 7777 1771177 7771·
17177777 71 rerum instructissimo. 1777771711177. 1726. 4.

&codex diplom& 121 (171777 1177117771. Ludovio. 7771177717.
77771771. 71717777. 1177717. Β77771771.).]

171777 (1711171 17771 1171111717 6777177777 77 7177711177171777
banb'ssibliothee 11111 6111177 7. 1717717777777717177177177, 7771777777
7111 7117177 7771111777 11717777117717 1710711771771717111177, 1771777771)
77717777 Historieorum monumenta inedita, 17 117 177717777171177 7. &es
17117117 17717177177171717771717111, 1171177777, ὢ11117, Religion, 11711777,
117177 7. (171717177717117777711171 771171777, 171771771 7177 717 77777
7771777 Apparatus 111177 7771777777711177177771777 7. 1117177177 7777
1177171717 77177711, 1717 71711 17771777 7117717771 17117 77117177117777,117
11717777 1177 77177711, - — 7177177771177 77771 777 7. 7771111177 777·
177, - 7171771711717.77777177 77777711 1777177. 1711717. 1121-1111
7. 7127777771. (7777 &J

[11117 6. 223 (111. gelat. 7117771771. 1111). 11. 17 6121-
131711717111171.711111179171111711 7171 1.* 1111
1. 11177. 1161). 717 (37177717777. 11211]

1177, S. 11, 11717717 7. 1711777171711117 171 111777171171177 8171177 7.
177777, 177777 7717171171 17161771117777, 77711. 17717771771 17 21177
71777771117777771771 77 1117111777 77. 1. 177. mauu 7171 671771 1117117
1771111177 &tamma (171177 117711711771 77 &amen 7. 1. 77. 1177177777
77717171 1717717711 177 1777711177 8711771 171 1771171777 1171111 77. 177

1177177, 7717 77111 17771777 171771 17711771171177 177171 77. 1171117177

 

