ζ 881 8181, 111811) 1. 11.). 1., 6188111888)ιὲ

ffifflm Q?

1858. 3118). 1889. Q 181. 88881111. 1111 8118. &tmen 11 1181181
ung 11111111 181 8181 (881) 8811. 818 1111 881111818 1118118811881118,
3 1181. 881 18881111111111 8118181111111811881 181181, gabea, (1188188ἓ8 11).
’ 811111111111111111111111111 111111181181,,111;;
. 11811811 1. 11811181, summum. 18181811)816ἓὲἷὶῗὲ11ἓ1ὲᾞῇῲὶέαττεξξόῗ1ῒ
88118181 8. 881111. 18511. Q 889. - 111111.. 1111111118. &futen 111
8811188811)8818881851181811)(,11111811118811 11181111 (1818)
1ξ1111111111111ἶ111ῗ 111111 1111181111. ’1111 11111

1 1 fl
88111811 1. 118. 4ο88; 8. 8818888811). 881181 111. 1491. 8) 81811111
111111ἕέ1111111111111111 111111111111111111111

, 881811881811811111181811118111) 111181 8111111881 11111118 111( 11888811188
’ Quaen. 1181. 8811311. 1884. Q 418; (1888) 11118811. 811 1181. 18, 8811.

’ 818 (8881181181) 8818 1118118188 1188 881 881811118118188 81188 1188111881181

11111111 111 88111 1118811 11888, 8111111111. 1859. Q 3393 (1811)

3 11811111 18811, (1811. 8. 88. 1181. 1841. 31881. 1848. Q. 1; (1584) 181
¹ 111· 111. 11171111’111111111111111 ,111111ῗ11ῗ1111111111ἱ
’ Q 185· (1881) 8818811. 888 1111. 14, 8811. 881 11811818111118 888 11181188·

1111111 8181188181, 1181. 8,. 8. Β881. 1855. Q 693 (1588) 888 1888111118,
8811. 8118118 1118 1181818811) 811188 8111111881 11181811 18 11888811188
611881, met. 8411118) 1881. 6,11111115311118τὲῗί1111111113861111ῗὶ
1111111),1111111111....,111 ·

8181111188, 8818. 8. 811111 1889. Q. 881; (1584) 11181818 1181,

18 18111
118111. 8. 18. 81111 1881154115· (1838) (1118811. 888 1181. 88, gf. 8.

11.1111111111.8.111; (111111118111111 , 1111. 1. 11. Qut.
1848. Q. 85ο; (1881) 68181818168188181818181, 1181. 8. 81. 1181.
³ 1841311881. 1844. Q 13 (1888) δὲ1118181111188111181, 11818. 81111.

1148. Q 1181 (1111) 8111111. 111 1114, 1111. 14. 8111)1111.8.111;

1 (184811811111188818 11. 1., 1181. 8. 81. Qec. 1845. Q 819; (1541) 81.

18811. 888111. 84, 1181. 8. 19. 111811 1881. Q 2873 (1548) (1818811. 881

1 1111 85, 1181. 8. 4111818) 1881. Q 114; (1844) 11811, 1188118. 1811118)

ss 1881. Q. 889. 8. 1811811111888111811811

flung geridnlitber 1181111118118181 (1846) 181 3181111111Βὲ11111ε111ῃ1α8ῗ11ῐ11111
11111111. ῧ18881181881811, (1811. 8. 81. 8811. 1944. Q 484. 8) Su 11111881
ς 1181118111. 118 811 1118118181111111111 8811111 181818888881
1 (1848)811118.188131881111811818), 111811. 8. 11. 11111) 1844. Q 888)

(18811) 8811111881 ,118818 8. 81. Suu. 1845. Q 818; (1551) 8818 8118·
’ 8881111888, 118811. 8. 11. 1188818811. Q 5⁰93 (1858) (18111881 Ήέωᾶιῖΐιὲ.

1111111111111ῧῖ1111111111111111111111111111111.
8811881818, 88188111 88181188881111111111. 8. 88. San. 1854, 1118111111.
8.11111“1“11·.ῗ1ῗῗ1111111111111111 111111111111811
1111.11111111111111111111111111111111111118
15. 4) 1818811118. 181 8888181111) 1. 1181181111ἪΒ811818881111
8811 (888811881818111 11. 88888881888811 (1818) 11111 118811, 818818.
8. 81. net. 1848. Q. 484. 8. 88188111. 1. 3118188881 (1898) 11111
1111111188118181, 1181. 8. 811111) 1850. Q 18· (1884) 1181881811,
811. 1. 181811. 1111. Q 111, (1111) 8111))..11811 1181181 111.
8. 81981. 1141. 3818). 1848. Q 1ο) (1898) 1188118) 1118811, 1181. 8.

42

 

