1111111111.

13111111 Gt. 1. 3111111 (1333-1337) 31. 3 (11. 13), 4 (11. 14), 6 (11.330);
31111. 11. 1. 3111111111 (1313 1. 1331) 31. 4 (11. 51), 5 (11. 44 (1., 31,
140); 3111). 11. 311111 (1350-1356) 31 ,1 ( ,11416 (11111131368,
311-333), 1 (11.155,119,131),13 (11. 5111 1131. 111. (114100 1311403)
331Ῐ1131)131.311’(11031“141)5,)111131211)’31),Ψ3δ11ῐ1ἶ 11),”’1 (penge
13, 119, 333611, 53, 64, 14 (1.); 3111111111 (1461) 31. 4(11 51);
31111111 Ν. (1434) 314 (11. 91 ; 3111111111. 1. 31111 (1513) 31. 13
(ρ. 103); 311111. 31111. (1651) 1 13111111. 14). Ι3111111111111111ι
11111 (1111. 1. ,3. 1111111 11111 111111 11 111 11111111111311111 111
urit. 1111111111, 1111111 11111111 11111) 1131111111 111 1111111111 111
11111111, (11111 11111111111 111) 11111 111111 (1111. 1. 3. 111111111.
311111. 1111111 1. 311111. 11111111 11 11111. 1111 31. 4 (11. 13131 60, 10,
ἵ3), 6 (1155), 1 (11355), 3 (p. 1), 13 (ρ. 103, 105, 111, 115, 119,
313). - 3111. 311111 33 11111. 1.3.106-1510(1.Ξ1. ⁷06: 1, 11.
1133 111115 11, 11. 111-1111 1, 11. 111-1331 13, 31. 1113-
’3111331 1131313 3.11.11111131111ξ1313131
“·3’1“11“331”·ι”13ἓὶ;· 1331133ῗὶ111 13ῗὲ31 3121‘5533!
1111 1111411111. 1. 3111111111ὃ 1111 111 3. 143511. 1436 (111 111 31·
111111 111 111111111 11 31. 1311. 3911. 1. 1435 11. 1436) 113111, 111. 1
1-32'412111171', 141Ϋ1161Ῡ11δ1ὴ1ῗ (311119311131111161 111111211ῗῖ
111. 311111.. 1131111111), 14-36 (111. 1111111, 111111 3111111111, ubal·
1111) 1. (3. 31111. 1. 11.. 1111: 1. 31. 3111111 p. 13, 3ο 111. 11 111. 111
1. 31. 31111 11. 331 311111 11 111. 4, 6 1. 16,1. 1 3111111111 1. 31.)
11. 1111111111 1111) 11131111. 1. 31. 3111111 (1314, 1345, 1343, 1356)
13111331131 1311· 311311
(1111111, 111-111) ιι. 31. 13 (p. 311-311, 111-3131 1111111111·
11111, 31111111. 11111111 311111. 11 11111111 (1113, 1113, 1110, 1133)

11313 (ρ. 13-31),1(ρ. 101 (1.,113-111), 3 (p. 13-11), 3 (1161
-10); 111113 111 31111111 11 311111 (1416) 11 314 (1. 101) 1. 111
1111111111 (13..,1311,1311, 1311, 1311, 1331, 1333, 1331, 1111, 1131,
1311, 1313111314(Ξῖ 13, 133, 113, 111, 131, 1111131, 133, 133,

gnam, 1111, 1ξ4). 201. 1111111111 11111 11 1131, 13.., 1403, 151133)
31111111Ρ11111111 11111. 1111181111 3111]1631Β11114111111ῗο11112111811121131
3111111. (11111 111 1111 1111111111 1111 11 1. 31111111 11111 3111111113
114 (31111. 3111111, 1111111 31. 3. Nr. 38, 33, 53, 60, 63. 311. 111. 3111.
113 3111111111. 31111 : 31. 5. 111. 30, 34-40, 41-46, 43-50, 51, 3
-111 31.31.3(111.1,3,4, 13, 11111, 11),3(1’1.14,13),4
(11. 13), (111ἰ 34), 3 (111. 113), 131111. 11, 11, 11. 31111111 11113
1111131111 11131111. 131. 111111. (3641 333) 1.4 (11. 33), 1
ffib 15611 (11111111 (1066) 311 (p. 153); (1111. (1066) 31. 1(11.153); .

1 (1016) 31. 10 (11.1); 31111 (1101) 31. 1 (11.161); 3111111 (1115) ,

31. 1(11. 3); 1111111111 (1133 1. 1133) 311 (ρ. 101), 3 (p. 103 11.);
3111111101461. 1156) 31. 3 (11.104-306), 3 (11. 11411 31111114

(1101 1. 1205) 31. 11 (11. 130), 10(11.115); 31111111) 11. 31111111 1113, ,

1113) 31. 11 ( . 133, 111) 1111111. 1. 111111 (1131 u. 1133) 1. 3
(11. 101 fg), 1 p. 56-63); 1111111 11. (1366) 31. 13 (11. 311); 31111. ’

(111313. 13 1 . 333); 31111111. (1133) 313 (ρ. 111, 11311 mie· ’

111111. 3111111 11331300) 313 (ρ. 105), 4 (11111111); 31111111
(lam-1:141) 31. 3 (11111, 313 (1.1,1 1 .33, 131), 31111311. 13. 1131, ‹
31, 31, 11, 13111111, 111 (1., 133 f

 

1., 131, 111-111), 3 (1113- =

