mssmmh 2„

ῦ111811111, 3. 811, 811 811111. 81118111 8811111 1111111111 8811811111 1.
81811111. 3118111181111181111111118111111. 1111111 1788. 4. (80 Q)
81168111.

(81811.) 1111111111 11111 111181. 6811811111 111111118111181181111811811·
111181, 611111, 8118811111111, 81111111, 1811111181111 1118811811118111·
11188 811111 1111 81111111111311111, 818 1111 31111 1788. 8811118811
71181. vernn. 1788-1788.

Ψ. l: 111111 818 11. 3111111 (111.ῧ.6011. 8111111 811 11181. ”-
⁵ 88111 Q 186. 111. 811 11111111111111118 8. 1811181118. 1808.
181811111111181181111111111ῗὲ11111188818
11111111.1,·118 181111111188111 *⁰-
-8οᾰἔἴ 111. 1111111118 81118811. ,8. 1111111 Q 338-881. 348 1’.3ῗξ
81. 81 811.,11111181111111 11. 8111111111 8. 811181. 111111. 8. (81.1 ἐ. 80
81111111.111811.88111811·1118·
818 81811111. 8111118818 187888. 470-478. - 111. 31 8 111111 3³9⁸„
81113811,11.8.1113.,“1111111118118.1111111111
8111888188· 11 811811111118111
881111. 1.; Q. 88 11. 148-111. 881-811. 818-811. 818 111. 888. 811.
841.81811.811.81811.881 1188111881-881. 818 11. 811 1188111.
88. 8ι Qut. 1. 1118111 1. 81. 11111. 1.; 8. 18 181. 81. 111 111. 11111.
11111. 181188· 188. 811 11. 881111. 818. 818. 811. Qut. 11 1111181.
111· ,881 818. 1118181811· 18188
1181111ιὲ111 8. &gicht 8. (81.1 Q 8511. 96-88.188.34711. 38011.
61111118. 8111118111 111 1111181. 8. (81.1 Q 30 11ἱ 38. 38. 071 ,48 11.
7041180111. 8411. 14811. Q. 81 88111111 11. 8181118111. 8111181.
»3 1.. Q 18111118 11. 7111. 188 11. 888 111. 8118118111 1111111
811 (8111111111 811 181111.Ι 811181181111111111111 11. 1. 1111811, 8111,
111111181111111111811181111’1181181118

8111 1111111111 8118111111118 811 811181181111811111111 1811 1111ιῴ1 Bet·

1181111111 11111111. 81811111 8811111118]

81111181, 311 8111111. 811 1811111 1. 1. 18. 118. 811111118111811181818·
181. 8111111811 111818 3. 1880. 1111. Q 48-88 (118(111181811. 8. 1838).
81811111, Q, 811111111118111111111111111111111111 111 (8111111111 81161. 8111111

4811111875, ³96, 568, 488 Q) ffietstn. 1⁸37-1842.

bv). 1: 111111111818 6118181111. 1111111118111111118111 (8181818111111,
1111111111 1. 8181181811111111 818 8111118 881 118111, 61111111 11111318
81ῗὲῗὶ 12¹1·zffiimfii‘ffi.³¹3¹0⁸1}¹²1“2‘3¹1¹'l¹²1‘3¹50¹⁰3⁰2¹3 11111ἒῖῗῖἓὲἱέ iffi?
811-1881 111. 1-81; 18.188ο1.1ἶ111;11.18-11· 1181-18881111.ἒ

nr. 18-81; 1181-1188ι111.88-118; 1111-1111111188-181ἔ1181,

1111111118 8181111 11111 11111 1181111118111111111111111. 11 8111111111 11181111
11118 8. 3. 1381 1. 1888 -1111 81111 8181111181 881811 81181111. 11.
8111111111. 8. 1118118118. ὓ118 111. 11, 11), 8111811181 10-18), ((1118 8.
811. 114,181, 81818. 8. 11111. 117-88, 88-331,11188818111811ι.138,
11111 lv. 187), 111818. 8. 811111. (38, 40, 48, 48 ,th 8. 8. 44, 4810 ,
81. 1111111118 (18), 8111811. 188, 10813811 188, 88, 88 , 811181.

 

