wem· 4⁹⁶

(11111111111111111. 111. 1 111 (11111111. 1111111.111111.1; l (enh
11111.111111111.1Ζ111111111. 1111111111. 111111. 0111. 1. 1111111111
1111111111. 81111111. 1. 1111111111. 1111111111. 1. 1111111111 1 (111·
1111. 1111111. 1111111.) ·- collation, 11111111 1. 1111111111, 1111.
1510 1111111111 (111111111111111111 engen 111111111ῢ111111. 1715. 811.
(111111111- 01111111111111111 public. Quedlinburgeneium.
169114. 1ὓ111111111.) - (1111111111 Operum T.1 (1111111511151111.
11111111. 11111111.11111111.)- (11111111111111111111511111. Qued·
linburgeneium. 1701. 111. (1111111111.) - 0111111111111, 3111111.
§Dee ὕ. 111111111111111 6111111111 11111111 1111111111111111111111111111
11111111 1111111111 1111111111, 1111111111 111 1111111111 ff. 111111111111111111
111, 11. 111 1111111111 1111111111,11111111 1111111111 11111111111111111.
111111(11111111.1 - 11111, 1111111111, 111111 6111111111 (11111. 111
6111111 eu 111 1111111111 111 61111111111111111 11. 1111111111, 1111111111
1111111111 11111111111111111111. 1531. 4.11. 111 111111111 (11111
115. 11111111.) - (111111, 111.. 111111. 111111. 1111 11111 1311111111.
(11111111.) - 01111111 1111. publ. 111. J. (1.1. 1.Ρ111.6.<111111111.)
-· (11111111, 111, 0111111. 111 11111111. Ρ1111 Weetphal. (11111111), 11111.
1. (1111111111 11151111. J. G. 11. 111 J. J. 1111111 syntagm. (11111111.
select. 111. mih. 1735. 4.) 111. 31. - (1111111 (111111 1111111111. 1111111111
1111111111811111 (11111111.) - 11111111, 511111 311111 11
11111111111111 111111 111111111111111 111 11111111 1. 1111111111 1. 11. 31111111.
177114. (11111111. 11111111.) - 0111151111, 111111. 111 1111111511
1111111111111 Quaestione, habeatne 111111111111 imperium? (11111111.)
- 011111111,111.,11 1115111111 patriae (J 11111111) 1111111111. ·-
0111111101111.51111111111.(11111111. 11111111. 1111111.) - Gru-
11111, 111. Andr„ de Praeeminentie, 11111111111111111111111 magner. in
Europe. Brem. 11651. (1111111.) - (1111, 1111111115. Schening. Append.
(11111111 1111111111.) - 0111111111 Austris. 11111115.) - (1111-
111111, 1111111. et Acte 11111111 Dem- Hebae-Ananiae. (11111111. &ab
11111. 11111111. 1111111.) - 11. 11111111, R.. 11111. 1. (11111. 111
1111111111 11111111 11111. 111. 11111. 1111. (111. 1710. 4. (11111111.)
·- 11111111, mee 1111111 111 11. 1. 11111111111111. 11 111. 1 (111111
111. «11111111. 11111111. 11111111.) 11. 1 (11111111.) 1111. 1111 Q
111-1111111111, 111ιῴ111111. 11161. 6111111111 (1111 1111111 11111.
1111 111 11111111.) - 11111, de Pace Imperii publ. (11111111. 11111
1111111111. 11111111. 11111111. 1111111. 1111111. 1111111.) - 11. 111.
1111111111111111111.11111. 1. 1111111 1ῶ11111. 111. 3. (111111
111.) - 1111111111 11111 Θ. 111. 11111. 11 1111111111, 111 8111111 111
1111111111, 11111111111111111, 111111 111 1111111111 11. 1111111111
1111111111 111 Β1111111111111 1111. 1711. ῧοῐ. 1111111111. 111111.) —- De·
(111111111111111111111111111111, 111 &athen 1111111111 1111111111
1111111 111 111111 61111111. 1711. 811. 11111. (11111111.) - 1111111111 11111
11111111 &edne &nebiencmmet 1111111 6111111111. 1111111710. 111.

Bul. (11111111- 1111111111, 1111111111 11111111111111, (11111 (1.

 

