777. mh. 747

111191 19111111 9111 91111 1191911111991111 911 111 8. 1199 1199111119
111111191111 9111111111111 1111111111 6111111111 9111111 11111191;
191111 11119191 91131911 111 1111311191111 911111 9111111111 1911911191
1119; 11111 1111911111 9111111111 1111191119
1111 91.1111911·91911111’.1111111199111111
Bnndoub. 911119111114). 99 1 . (1 1111131. 1111111111. 1916191 11.
1111911. 771. 1. 91119119. ἓ111111, Qu! 111911, 9119111911,
11911111,1ῧ11119111,911 11119191, 1191111941). 99-94
(911 111. 611911 911 1111111111 11111. Qt. 91996916111111911.
1111111111. 961911119111. 1999). 9196. 691611. 11111111111111.
9111111119). Qt. 91. Q 676-664 19191111 (1111 1 IV. 1111111111
9111911111. 1969). 61. 49. 9111111. (Δ11111111191111. Brandenb.
11111111. 9111991111. 1616). 661-661 (Α 1111 1111111111. 1994.
1994). Qt. 66. Q 661 11. (Elisabeth 119. 11111. 1. 1111111119.
1949). Qt. 94. Q1666-1101 (411111. 9111. 911911191191111. 6191,
99119111. 91111911. 1111119 119. δ9911 911 111. 11191). Qt. 99.
Q 1419 (9911911 1119119111). Qt. 66. Q 1411 11. (11911. 1. 111111
91119. 1. 11911116199119111111. 19991]

6711 119. 911119 119911119111. 1591191. V. Nr. 6⁷. 7111. 14. X. 1ο.
111141. 11. 99 111611111111.11414414.11116411.
11. 76. 107. 106. 111. 111. 167. 117. 141. 111. 111. 11111. 11. 11. 11. 66.
11. 17. 41. 61. 11. 61. 67. 76. 14 66. 66. 94. 91. 66. 100. 106. 116. 116.
111111131. 147. 160. xlv, 6. 6. 17. 16 41. 11. 11. 11. 1111. 44. 11.
67. 61. 111111. 67. xlx. 10. 11111. 1111111. 61111194. 1. 10. 17.
11191111119. 77. 1 111199. 1. Lx 66. 11111111. 16. Lm.
14. LXXIX. 64. 766. mx. 70. 114 1111111111. 76. 66. cvl. 60.
61911. 6. 14. 111. 416. 411. 411. 666. 610. 111. 111. 614. 660. 111. 666.
111111111119. 91111. c. 77. 61. 11. 166. 616. 9111111 77. 91111.
9911111119. 77. 49. W. 66-66 9991911111911.111.11.-91111111.11’.
p. 116. 11111116191. 116. 167. vl. p. 167-161 171. 111. 4οο.
441. 441. 911. p. 17. 771. 607. 606. 141 111. 161. 1111. p. 1 7. 11. 66.
61. 61. 111. 117. 131149. 141. 166. 11111. 161. 161119. 160. 111.
111-111. 716. 766. 141. 11111. 11411. 111. 191. 161. 1114911414.
411. 111. 676. 111. p. 46. 41411414111191. 116-170. 111. 191. -
911. 6. p. 76. 77. 66. 774. 111. 911. 11. p. 1.·6.

91911, ὓ91191111111911, 1111 1111119119 191191, 9111111111. 9111 9111 911111.
9111111 911 1. 1111ὓ911911111. 9111111911. 1999 111.

11111 qm {ft ἱ1. 111. 1111111911 111ὧωὶ1 911911191919111111.
18999-Ξ9ἑξὲἓ191ΐὲ11ἒ16 111111984 ἓ1ἱ111ω9111111911 1110911 911119. 9119111131
1111911,τ α111111919111911, 911 9191111911 11111111 111 9991161991. 31911.

1111. 11119111.

11191, 1191111, 9111 91111919191911 9911111 9191111 99111 1111 91111119
11111 1111119111119111111111, 111191 911 1111 1911191911 1111319111 11. 911

9111991191 1111111 11111111. 611111 1111 3111191111 911 1191111111 111111
1911911691911111111, 111 1911111119 111 11111 1191111911 9111111 11111

 

