1311111111 331

· 131111111 111. T. 1 (mun. 111111. 11111111. 6111. 11111. 111111. 81111.
1111111111111111. - 1111111,.1111111111111 11111111 111 1111111111
1111111111111 111111 xlv, T. 1-·1 (11111111). - 1. 1111111111,1111
3111111. 1111 113111111111111111111.(11111111.) - linei 011111 1111111
11111111. (11111111. 111111. 111111. 11111. 111111. 11111. 111111. 11111111.
11111111111111. 1111 Q 31 11. - 11111111,3.3.311.,311111111111111
111 1111111111 1. 11111111111 31111111. (1811.1133.1)111.1.- 111.
Boio. Τ. 4. 19, 1. 10, 1, 31, l 11. 33, l (1111111111 11. 19, 1. 31, l 1133,
1 1. 1 1111111.);13, 1. 3ο, 1.1 1. 31, 1 (11111111 3. 11. 13, 1 (1111111
13, 1. 30, 31, 1 (111111.); 31, 1 (311111.); 34, 1111111111). - 11111111,
Ι3111.. ὒ11111111111113111111111. 1 1111. 3. 3. 3111 1113. 3. 31. 1111.
111 1131111111111111. 1111111111. 111111. 1314. 1111. 111. 1 (311111. 111111.
1111111. 1111. 3111111 1 (1111111 1 1. 3 (11111111. 31111111). - M·
1111 31111111. 111111, 111 111111111111 1111 1111111111 11111111 111
111111 11111 3. 31. 1111111. 3. 31. 11. 111θ11111111. 31111111 1111.
11111111. 11111 1113. (11111111. 11111111. 1111111. 11111. 31111. 3111111.
11111111.) - 1111111111, 111111.111111111.1111. 1. 11111. (111111.) -·
11111111, 1111311111111111. 111.111111.1. 31. 1 (11111111 1111111. 3111.
11111111 1 111 (1111. 1111111111 1 (111111.) - 111111111111111111111111.
111. 11111. 1. 31. 113311131111161111131111. 11111111 1(3111. 3111111.)
- 11111111, Antiqq. 11111111 mod. 1111. T. 1, 4 1. 3 (11111111 1 (111111
3 (1111111). - 11111111, lon. Nobil. 111111. (111111. 31111.) - 11111-
11111 111 der (1111111111 111311111111. 11411, 11.Β11111.111111111
111 1. 311. 11111. 11 111111. (111. 1. 11111.01111111111111111 1111111111-
munionis Fratrum 1111111111 111 0111111111 in oppido 11111111 1411 6.
33-41. - 1 1111111 11111. 1. 1313 1. 131311 311111 1. 1. 111113.
11. - 3 1111111111 oppidi Hammo 1. 1113 1. 1113 ὃ. 43-13. - (lupis
Tnmlntionin 1111111111 Oisurtionnium 111111111111111110111111 11111-
torp. 1130. δ. 41-13. 1111111111 nudandi 1111111111 11 Hammone. An.
1163. S. 11).) Q 33-10.-111111111,.11., olm Tromon. (1111111111
11111111111111. 111111. 6111111111111111111. 01111. 13 1111. 311.
11111. 11 311111. (111. 31-311 111 1111. 113 1111111111 111. 111. 31111111
1. 1. 11111 u. 111 31. 1111111111 1331ς 111 14 111.111111111111 1113.

, 11111111.1313;31.311113111111311111111111111 11111. - 111. 1.

1111111 111 11111. 81111 1. 1111111111 1. 1111. 31 133 111. - 133

’1 1111. 1. 103 adv. 1101 1311. 111111ὒ11111111111111.6. 111 11. - (1111·
111111)11111111.31.3(111111). - 1111111111,111111111111111111ι
g 11111111111111311111. 1136. (11111111.) - 1111111111, 311111111111111111·

111111 111 1111 1111111111 111 111111111111111111. 1131. (11111111.) - 1111-

1111,01111111111111. 1111111111 111. Τ. 1 (must). - 1111111111,
, 11111111 1. 1111111111. 1111111111. 11111111.) - 11111111, 3.. 111111 111
' 1111111111 111 1111111111111 111111131111113 111111111111 1. 1111111111
111111111113111111. 3111 1111111111111111111 1111 1111111111. 11111111.
; 1130. ·- 1111111111 nutribo do valtheimiomm 11111111(1111111 911111. 111·
g 1111.) - (111111111111111 3111 111 3111111111. 1111311111.)- 1111-

 

