572 1111111111.

11111111 ι. 1111111111 311111111111111 111 1111111111, 61111111 n.
611111111111111111111. - 01111111. 111. ,11111 111111, feudorum 11 roi-
1111111111 castrorum 0111111υεί11 111 Rhenum· 1111 1111111111.. 11. 811, 327

6. Raetii 111 111111111111111111111111111 11111 (11111111111111111.
1111111111 11111 11111111111111111111 1111111 1111111111111111111111111

111 111 11111, 1111111 1111111111 111111. 111111 111 111 siin. 111111
11111111 1111111 111 1111111111 111 11111111111111111111,6111111111
1. 611111, 1111 6111111111 11111111.

11111111111111111111111111 11 surium 11111111 coloniensis. 11111111. 111
1111111, 191 6., 11111, 111 1111131111111. 1111811 111. 14111111.
11111113.1.14.31111., 111111 1111 11111111111111 1. 11111111 811111
111111. 111111 11111111 11111111 11111 1111111 1111111111 1111111111,
111 7111111. 111 111 14. 31111. 11111111 111111111111111111111111
iud). ssb. 1. 1111111. 6. vll.

111111111ῐί111 1.Χ11.111)1.,111. Β111111.111 ’147 111111 111. vibi. 1. Bet·
1111, 1111111111 1) 8111111 1111111111 1111111111 1111111111 u. (111 stadt
116111 11171 1. 11111111 1111111111οή Philipp· 11101 19. 111111111111111111
111111111111111111 43. 1111111111 44. Iura ministerialium S. Potri3 51.
Schiffonordnung 1111 (1111111111 zu 161n3 19. 1111111111 1. XV.; 100. Urk
1111111111111111 1.941; 101. 1111111 P. 0111111111 101. 1111111 (111 ants
11111111111111111 81. 81111111 1311.

11111111 111 1111111111 11 1111, mii 111 1111111111 11111 111111. 1111
3111111111111111111111111., 111111 111 1111111 111111111111 9111111
1111111111111111111. 111 111111. 14. 31111111. 1111 1111111111
1111111111. 111. 1. 6. VIII 111 1111111111.

1111111111 111 (1111111111111 1111111, 1111111111, in 111, 111 1111.
31111. 1111. 1111111111 1111111111. m. 1. 1111111611.

Privilegia 1. 1111111111 1111111111 1111111111111 1. XVIII. 1111 11 01111111
111. 1111111. 1111. 719 1111 1. 1111 111111111- 1. 11111111.

1111111111 111 611111 6111111111. iii-1434. 11111111111111. 1111.
811. (iii 111111.) 11 11111 111111. 3. 111. ii. 31111111 0111.

&bivinen 111 1111111111, 1111111111, 6111111111 1. i. 1. 111 61111161
111111 1111 11111111 fut 111 111111 111 6111111111111111

(11111111 111 1111111111111111 11111111, 111, nui 1111111. ‘iiie 11 111111
11111. 1111111 11111111 111 1307. urii. 111 [11111111311111111111111111
1. 11111111111111 1111111111111 111111 111 11111111 iiiam 111 11111111 811111
111111. 1111. 1111111111 1111111111). 11. 1. 1111111. 6. X.

Bosohteibung 1111111 11111111 St. 1111111111111 (Iu 11111). - - lton
desselben 111111111111111111111111, 11111111 111. - 1111111111ἰί1 17. 31111.
111. 1111111. in Quiri. 147. nui 1. 1111. 61111111. 1. 11111111.

nri. 111 111111111111111 8.1111111111(11111111 11111111 1111. 1. {lint
111 1. 1111111111 11 1. 111111 1111111 111 1. 1111111111111111. 1111111

1111 ,11111 11111” 111 abici 1111111111 1111, 1111 11111111111111 111
11111111 111 111 11. 31111111.,11111111111111111 1. 1111111111111111111
1111111111. 111. 11111111111111111111111. 111. 1. 1111111. 6. X.

 

