3111151151. 11

md, 91111. 61111 (11711), 11111111111111111111111111111111111111
saxoniae 1111111111111111111111 ditionum Brunsvico-Lunoburgicnrum. 911
151: 611111111ιί1 11111 1111111111 111 61111111 1116111111ι611111ιι 1. 1011
611111 ιι. 6111111111 6111111111118111111111ἰὶ1111 6111111, 1111111111 1111111
11111, 9611111111, &burs 1611111111 1. 1111111 611111111161111111111,
1111111 911111, 6111111, 11111111, 111111111151111,1116111, 615111 1. 9912
111 1111111111 6111111111, 6111611111151111811111111, 1111 6111111111,
6111111111, 6111111111, 6111111111 1111 31111, 111111111111166111111101111,
6111111111, 9111111111, 6111116111,9111011111011111111, 61111
1111311111111, 61111111 u. 61111111, 8111 0111111. 1116111111116111111111,
811111, 1111111111, (3111111161, 11161111610111 311111, 6111111. 101111
11111, 1119115101111811111, 611111, 1111111111ιὶ 111, 9111111111, 11111
burg 11. 9111111111, 61111 1. 61111 6961111111111, 9111111 9610111111 ιι.
651111111111111111.111 111111111111111611111111 111 186111 1116 11111111
111. 611111 11111111 11111 1111111111111111111111111111111161111111111111
11111611 431111. 611111181111.1786-1196. 611. (391,466,411,
1116.)

[6111111111 111 11601111. 11. 111111 1111111111. 6111 111111 311111 111 11
111111 11111 11 Ἥ fid) 111 11 111111 11111. 91111. 1111111, 1111111111.
1111111611 999999. 1111111111,11111
131111111111, 11111161111, 1111111111ι,61111111111,121111ι
11111,9111111111111101111111111,1111115111 1111, 611111111111,
6111111111 , 1111111, 01111, 31111111 111111, 91111111111,
6111111151, 61111111, 6111111111, 1111111111, 6111111111,
6111111111, 6111111. 91111116111,16111111 ιι. 1601111111,
1. 9111161111111111111, 61111111, 11111111 1119111111, 611111
1111, 61. 6111111 . 61111, 6111111111 1.51111,.61111111111111111,
6111111111, 111191111111111111.61111111131611111111111111.
1151 15 {r eb} 11111511ι 11111 11115 τ1111115111ῠ1111ἱ6111ἒ5 511111511ῴ111τ181111ζ
1111 11 (1111111, 9. 999, 9. 1141, 1, 1111, 1. 11111. 11111. 1111,
14. 1171, 4. 1179, 5. 1185, 7. 1196, 5. 6. 1197, 5. 7. 1199, 9. 1207, 3.
1912, 9. 1291,10. 1940,18 1244,1. 1246, 2. 4, 1952, 4. 1955, 6. 1257,
9. 1999, 11. 1111, 1. 1111, 111. 11111, 11. 1999, 9. 111111. 1111,
32. 1999, 24. 25. 30. 1293, 37. 1295, 331996, 13. 1996, 11. 1288, 35.
1111, 1. 1111. 1999, 1111111, 1. 1111111111, 1. 11111111.
1312, 10. 1313, 36. 1314, 32. 34. 1316, 10. 31. 1317, 34. 37. 1319, 1.
99. 1111, 99. 111111. 1111, 1. 1111, 9. 99. 11111. 1111, 19. 1111.
1335, 10. 1337, 41. 1336, 98. 90. 96. 1341, ll. 1343, 24. 25. 26. 37.
40. 50. 51. 52. 53. 1344, 2. 4. 5. 9. 10. 13. 44. 1347, 97. 48. 49. 1348,
5. ’1. 1415. 1350,10. 15. 16. 24. 1352, 4. 1353, 8. 1363, 32. 1366, 29.
1371, l. 1377, 31. 1383, 91413, 23. 1414, 15. 1415, 34. 1420,19.24.
1421, 21. 1427, 351426, 10. 1429, 17. 1437, 15. 22. 1449, 4. 10. 16.
34. 1444, 99. 1446, 14. 1449, 21. 1450, 21453, 4. 1465, 93. 1467, 9.
20. 146317. 1470, 39. 1473, 9. 12. 1462, 7. 1487, 91. 24. 1488,15.
1111, 1. 1111, 11. 111111. 19. 111111. 1111, 11. 11. 1111, 11. 1111,
11. 111114, 19. 111111. 1111, 1. 1111, 9. 1111, 11. 1111111111,
11. 1111, 11. 11. 1111, 1. 11. 1111, 11. 1111, 1. 1111, 11. 1911, 9. 19.
11. 1111, ιι. 1111, 1111. 1111, 11. 1111, 1. 1111, 1. 1111, 11. 1111,
9. 1901, 11. 1111, 1. 1111, 1. 1111, 11. 1111, 11111, 11. 11. 11. 11.

 

