111 “ 91119111·

terit 11111111 Prema, 111, 91. Berua. 911. 191. 1. 11. 191. 1. 111 1.
991. 91111. 9. 9111111191. 1. 1. Q. 699 1991.- 91111119119111·
11119911 111 91111 1111111111 111 9111111111. 111.,111.111111.
Fol. 176. 111 1. 991. 911119. 9111111 (11111. 11111 mutuante. 9191. 1. 1.
ῦ.6.199199.,111111.6. 101). - (1111. 6111111 1. 31119111,
9111111 111 911111 9111111ιί1 ιι. 1. 1., 111. Dies 1. 911. 91. 1111.
991. 91111. 9. 9111111, 111 1111111119 11911111. 9191. 1. n. ὓ. 6. 191199.
- 1111 91111111 Chronica von (1111 19991 111 1111111111 1111119111
111, 111. Boram. Fol. 119. 111 1. 991. 9111. 9. 9111111. 9191 1. 1. ὓ.
Q 197 19. - 01111111119 911111 1111111111 111, 1111111. 111
6911111111 111 1. 991 9111 9. 9111111, Hs. 1111111. 911. 911. 911. 911.
911. 9191. 1. 1. Σ). 6. 191199. - 8111111111111111, 6111111111
11111191111111111111111111111111111.,111.1111111.911111-
941. 111 1. 991 9111. 9. 9111111. 9191. 1. 1. ὓ. 6. 111 199. -· 0111111
111 1111 1111111119 ιι. 91111119 111 11111111 6111111 111 911111
111111111111 9119111119 11 1111111111 111.Β111111.111.917.1ιι1
1. 991. mut 9. 911111 9191. 1. 1. 9). 6. 111 1991111111. 117. - (11·
11111111(111111111611111111611111, lu. 911111 911919111
1. 991 91111 9. 911111 (1111. 11111 9111111111). 9191. 1. 1 9). 6. 11119.
- 911119 9111111111, 9111911111 91 11111111 91111111119
1.91111111; 11111111119119111119. 9111911. - 91111 111111
01111111111 1111111111. 1111111. 11111111611111 ιι.1.11.,
1111111. 9. 9111911. 11 1. 611111111. 1. im 911. 911111. 9191. 1. 119).
6.19119.-311.911111’1 ιι. 9119. 11111111 (91111111 1111111.
11 1. 611111111. 9. 9111911. 9191. 1. 1. ὓ. 6. 1111- 1111111111 6111
111111 31111111 111111191111119. 111191. 9111111119. 9111911.
1911. (1911119119.11119111111111 11111. 111 1111111. 1119111911. 61111·
11111111. 1119, 111111 11111 1111 111 111 91111111. 111 111111 1111111111
1191111111 1111. 9191111191111.1661991991- 1111111. S. 97
111. 11 1. 6111111111 9. 9111911119. 9191. 1. 1. 6. 6. 114. - Einn 111-
1191111111911111111111111171111111111111111111111
111911911116111111111111191111111111 1111111311111.
Fol. 199. 1111 1. 991. 9111 9. 9111111. 9191. 111. 91619119- 611111
3111991119111111, Chronica dos 1111111111111911 11111111-
chon 1111111111 011111, 1111191111 1111111 laudo Pronnaea 1711111111-
11111119119111911911111. 1³01. 171. 1 111 1. 991. 91111 9. 911111.
(1111. 11111 6111111111). 9191. 1. 1. D. Q 191 199. - 911. 91111111. &m
1111, Historia 9111 1111111191 11111111119111 91111111 bui·
911111111911 911191 111 9111111111. 111. 99111111. 1119. 9191. 1.
11196. 119 19. - 1111111111 6111111 1111191111911111ς
1111111919. 1111 Q 111119 1. 191. 9) 911. 11. 61111. 9111911. 1911-
11119111. (91.1111111111 91111 9111191 11111. 1111, 111 111111 911111
11111111 1111111111, 11111 1111 111111 111 111 91119191. 1911 19. 811 111
11119119 111 11111 91111111911111. 1111119111 111 111 91111111 111 911111
91111 111 11119. 9191111111 11111. 1199111111, 1111111111 111 1111, 11111

 

