m

mmmmmmm
mmmm1wm
mmmmmmmm
mmmmmmm
mmmmmawm
Immmmmm
ω,ω,
m

1618111161, 185. 186. 413. II, 99.
1119814111. 438, 489440. 441,
17, 339. 7, 397. 407. 71, 133. 134.
mmmmmmm
39156. 157. 303. IX, 154-156.
nwmmmmfflxm
2¹14. 375. XI, 100. 101. 242. 248.
244. 343-353. XII, 21. 82. 101.
103. 175. 176. 173. 313. 336. 443.
XIII, 82. 173, 173. 183. 379. 363.
1111,188-118.119,181.161.111,
ωηωωωω6
134. Χ71Π, 190. ΧΙΧ, 154. 155.
343. 345. 490. ΧΧ, 40. 158, 159.
998. 400. - 3. 688611617, 337.
339. 330. 331. 334. 335. 339. 340.
343. 344. 345. 353. 353. 355. ·-
9. 68861161, 348.
1441-1598.

1. 6486116. XVII, 888.
Immmmmmm
97. 436. 7, 408. 71, 346. 413.
vwnmwfflmmm
lwmxmmnm
353, XII, 103. 104173, 318. 367.
338. 369. 443. XIII, 380. 364. XIV,
370, 371. Χ71, 73, 73. 351. 353.
XIX, 188. 948. 941948. XX, 41

-mwzwmwm
359. 360. 361, 363. 364. 370. 371.
mmmm-amm
Ι, 343, 351. 353.

1443.

1. 68118116. 1, 188. 419. 11, 499. ΙΙΙ,
443. IV, 96. 333. 330. V, 310. 311.
408. 409. 71, 57. 346. 711, 39.
158. 368. ΙΧ, 159. X, 144. 377.
379. 331. 282. XI, 102. 103. 353
-353, XII, 179. XIII, 88. 34. 107.
173. 364. 365. 496. XIV 373.
117, 363 364. XVI, 74. 353, 479.
430. XVII, 842. 843. XVIII, 344.
XIX, 349. 350. XX, 48. 376. 377.
378. 400. 401. 403- 2. 6011116116.
17, 379. 331. 383. 334. 386. 387.
386. 339. 393. 395. 311. V, 1.-
8ωωωψωω.

Qm

1.mwmmwmmm8
mumffifflmmmm
411. 413. 413. 71, 135. 346711.
MHAEMWQQX
144. 288. 384. XI, 859. 9.360 111,
53. 337. XIII, 85. 281. 3861117
374-378. Χ71,7 5 35311711,
135. 383. XVIII, 191. 19333
m.mfflm.mmm}
wom1wmwmw
339. 340. 843. 344. 345. 346. 34
348. 349. 350. 71, 133. ·
8. 68811116. 1, 370-378.

1ωω1ω3669
8ωωωωπω1
V, 301. 419. 430. 431. VI, 3
371. 419. 711, 30. 95. VIII, 4
ΙΧ, 182. 183. 430. ΧΙ, 3631
337. XIII, 174. 366. XIV, 379. 3
mmmmfflfflm
136. 117111198. 194. 333. X
91. 354. 355. XX, 4⁷. - 3. 6581
9666691
86886116, Ι, 94494.6 378-311. 111

lwmssmumw.
448. IV, 331. 7, 313. 313.
433. 71, 135. 248. VII, 863.
1Χ,169-168. 433. X, 21.
336. XI, 105, 344. 363, XIII
175. 367. 368. XIV, 282-288
3119171984. XVII, 383.
XIX, 43156. 356. 356. Χ]
89.'m2wmwffi4
857. 353. 361. V, 2. 4. -
swffilw

1688111161, 190. 911. 11,15
III. 447, 448. IV, 99. IV, 9
214. 422. 71, 419. 711, 435,
mfflffimwxm
383, 534. XI, 105. 363. X
388. 898. 44911111, 17818
810. XIV, 996. XVI, 77-81,
18. 11. 138. XVIII, 345. XI]
359. 360. 381, 363. 365. 49
49.- 3,.68811116 17, 38
395. 396. 398. 404. 7, 5.
3,6.888116Ι,118-394. 1

1447-1453.

1. 6816116 117181.

1. 68861111. l, 191. ΙΙ, 803. 3
4494881 17, 995. 336.

 

