111. 6111111111. 231

{mma ffirssffilffgssffff 131³ 12·n¹1{1⁰.⁸{ss}1{⁹33112⁶1¹f‘ff231031
111 1111 11111111111111111111611111111. (31111111, 13111, 11111111,
11111111, 11111. 1. 111, 111111. 1. 11, 6111111311111111111, 11111. 1.,
ῦ11111.11, 111111 3111111111.,3111111111 1., 3111611111, 1111111111
111111. 11111 . 1. Q), 11111111. 1. 1111111111. 1. 11111, 1111111111 111·
1111111ἓ1Ἱῦ111915111ῢ. Εῗτ. 1. ἕζὼἓω ²1¹1 vaiu, 1111 1111111111 3²11 {lt &ts
1“111.1,“’11ζέ11111,11111“.ῗ’111111ῗ’“ 1111111111
11 1111111 11111111 11161611111111111111 11111111 111111 11111
1111111111 1111111 11111111 111 61111. 11111111611111111111111111
1111111111111111111·1.·1111111
mmmmm), 11111· 1111. 1111, Q11; 1111. 1111, 1111
11 Q 1:1311Q013 9161911· 14Q113 91611111 119 111
119 6. 19 11.; 191 Q 94; 199 Q 91; 19113. 1399, 6. 91-99;
191 111995, Q 100; 195 1. . 1119, 6.19111; 119-11111111
1. 3. 1119, Q 119-119; 151 1. . 111161991119111. 1199
Q 999 111 915-991 1. 1. 1191-1191, (1.911-111 911 1. ,15111
Q 951-911; 99113. 1151, Q 119; 111-919 1. 3. 11191. 1199,
6199-1991 911 1. 3.1199,6.119-191),11111111. 111 11111 1.
1111111111, 1111116111111111111, 6111111111111111111111.
1. Q. 11111111, ς11111111111111, 111111, 6111111, 61111111,
6111111111, 1111111, 6111111; 11. 111111111111116111111111.
1. 11111ς 1111116111111111111 1111111111 111. 1111111111 1. 1111·
11111111 111111 111 111111. 1. 1111111111,111111111,1111111111.
1111111111111 . 1111. 111 11111116. 4ἓ9-415. 61111111111111111
13111111· 11111111.11ἓὲ1111111111111111 ’311113111ἷέἔέ
611111, 1111111. 1. 61. 611111, 1. 1111111111111111. 1. 111 611 16111
1111, 11111 1111111 1111 1 (1111111111 1. 611111111111116111111. 11111111
11131111Ϋ1111111111. (11111111. 1. 611111. 6111111 11111. 11111 111 11161111
11111 1111111111111111111111

0111111, (1. (1., (11111111 1111111111 1116111111111 11161111 11 111 111111.

1611. 11111111. 1111-1111.

[111. 1: 1111. 1. 1191. 61911. 61111 111 1611116111. 1119.
e. ¹¹³11ss¹⁷sse ⁹¹12} ‘' 1111*ίῆ “1⁶ 11111ἷῖ1111ιῖ ”· ww
‘QS2'13-1'11. '- 11 1: 15¹3? ’11131111 Quum: 111111111.“1111 nl
1105. 6. 91 11. 3³. 3111111111 111 1111. 111111. 1. 111811111111111.
1109. 6. 36-11. 6111. 1111111111111. 1181111111111 .1. 1109. 6. 40
-11 6111. 111 111111 111. 6111111111. 1. 1111111. 111 ..111 811111.
81111. 1. 1111. 6. 61 1. 111111111111111111. 81. 11111. 1. 6. 111-11.
6111. 1. 11. 11111. Ι. 6. 11. 911 11. 6111111 111 11111. 81. 111111. 1.
11111111111111111111111111111111111
111 1. 1111111111 1.6111(11111; 1111111111. 11111111111111 1731). 6.,111
1111111111· 1911113111 11..1.51’1.ῗ11111ἷ111
111 1111111111111.111.611111111.6.111; 8111111116.11111.;
6111111111 111 611111111111111. Q 1111 11. -111, 3: 1111 . 1. 617-
111. (1111 111 11111 611111 11111 1111111111111 &Qu 1111 111. 1. 61,
ἒξέί1ῧ111111ἑᾰιι ἑδὶ11ἠ111111ῶ11126111111η 111. 11111 ,111 11. 6111. 111

n. 111. . . . .

 

