Ι 717 9111111111)

111711111111111111111111111(1111·,7414 1414141,
Τ. V: (17081) 4544. (17031.)767 7767 73ω77. '4.4144141444144
11111111177711111. 1711111111714-41, 11111111111114
11.-,111 111111 ,1 11111, .1.· 11111111 1111111111
1117777171(1011707717177177711011317111777.1779), 101-474,
111-111,111-111.117-111.(11141110-1111977771177117701
1411 444 3711177110 4 1771 1707011770οκ. 7714. 0177111111111),
717- 715. 716. 717 71 717- 770 (1171717117111 71777771111711
3111711711111111711).11111711,111-111111-1117711.
1111111111111471111111-1141111171111111171,
1:714 437- 439. 439- 447 (0177711117 444 7177777711. 1177147770
771171..) 111111, 7701111111-111 71111117110717714771.
,1711111111117113111111111-19..1111
1111117 441 1701111111 01Ι.. (1701.) p. 778. 357771. Τ. XII: (771711.)
33 1944. 45 fg. 9044. 44- 8911. 763-799 (0711711 04 17 numina
’011117117071.]703;11711117717307771770771.1.37.1.3.

1707,111777717111 11011ιοί711 11. 7011110101). Τ. ΧΙΙΙ· 17- 16 (170377. ’

11147.11-11(711711111771 1.,171114), 141. 111- 141 ffl:
11771711111704). 71317 141-144,414-2444.114—144(

do 14 1011111111 0’ 0710111 14041444 8444144444 0017017117.)
(0001147017, † 1807.) 0101110107 olim 7171131011171774714471-
7111010111 4¹ 4444 maxime carolingico diu multumque 0100171701. 444,
7111111. 17 praefata 111 Academia 01111. 8171171. et elegant. 1777740111
— Palatina. 1011111111.1767 444011

(07 177 1117 117 4444 177 71701 1701111 0111711717 7111117ἳοῖ17077 44444444-
11017731111717 111111· 1117 (7.7111 01177111111117117171
4444444444 11171.1171117711,71771111111701117711711111730177

77107771 7171177771. 71117110) 011111, 1111711. 0777111 11170 7170) 71. 44444444414
11117 4111111171 7171117171; 111 17117 111711113 01711οξ 77 711, 717171
0071111117777177, 1117177117 11701111713417 714107 7171 1117117111»
14444144444441444444 11

4. 3711711701, (7. 73, (07713. 111 31117117 117 771111. 071177. 1. 77. 111
771173. (673 0.) 3771117. 7878. 7711. 711173. 7, 0. 444.

0037777777, 3111, 0111711107317 4441444444. 731. 3111701177 18474.

777111οΗ111Νι,1..101171.171....11101097111111οι11. ,
11170117.7711110111.17111101111111140141
7111110141. 7111110111 771114. 0111. 771111. 0.
1111. 171114οι111 1111710114. 7111710111 41.-
11 4· 11 11 11 1111 1. 11 1111111· 1111
r r r.
1111711110111. 71111010711711114 0 111711,
111010117711410111.7111410111.1111110171.
111760. 0. 735. 111766. 0. 737. 117. 496. 0. 477, Nr. 404. 0.
17751οΜ04471175360404 117...1.54404587Ν7
070147, 1711110141111771111014113 7711110.
1111 ,7111111 11 454.-
t

07318δῖ]71177117711017711 1110777117 111 7741717171 0 131059

7777177701, 31101. 31771, Historia diplomatica 0701147131 1111οο011111,
1

 

