6111111.

’- 111111 11111111114 1. 1711.·(11111’11.)“- 11111). 11111111, 11,
1141) 61. 11,.1111111.111.61.31 (1111111111 1818 1111. ³4 (11111111.
1111111. 11111111. Qum. ὓ1111); 1161) m. 31 (11111111). -
111111111191111111111111.1791. (11111111.) - 11111 1111111 1111111111,
1111111161111131113111. 1719. (1111111. 111111.) ·- 1. 11111
111111111111.1111)111.).11.(11111111.111111. 1, 1, 1, 7-9, 11, 11·-
17ς 111111111111111111.11111111111111ὓ1111111.1111111.(111111.
111111.) 1111 11116151 fg. -— 1111111111 111111 1111111. 1111111
1.).11.(1111111.1111111111111111111111.) 1111. 1111 6. 114. -
11111111, 111 1111 11111111111111111111(111111.111111).)- 11111-
1111, (11111111. (1111. diplom. P. 1. (1111111.) - 1111111111 1111111111
0111111111. (1111. diplom. P. 1 (11111111. 11111111.) ·- 1111111111 Sor.
111.111111.1.1-1(11111111.); 1(11111)11.1111111. (111111. 1111111
11111111.11111111111111111111111.) - (1111, vanu 1. 1111111111.)
1111116111111111111111. 61. 1 (11111111111111 1111111111111111
1111.) 111111 1111111116111111111, 61111111. 111. 611111 111
11111111, 111111 111 111111111111111. 1111. 11116301- 6. 1111
1111 11111111. 8111111. 1. 111111 1111111111. 1. 11116111116111. (111111
1111ὓ1111111. 61111. 111111.) -· (11111.)11111111111111111111
111111111111111161. 111 (1111111. 11111111 11111111161111.
9111111. (1111111). 6111111111 11111. 11111. 1111111111. 111111. 6. 11711.
-· 6.111111111111111111)11)1 6111111 1. 11111111111111 111 balba·
111111. 1111111111113111111, 1111111111 11 11111111111611111111111
1111111111 1111111111, 1111111111)ᾡὸ11, 1111111111, mammam„ 1.
1111111 1111. 111111 1111111111 1111111111 1111111111. 111111111111
0111111116111111111111. Ι. V. ³¹¹ 8. 1111111111, gu 1111111111 11111111
1111111111111111111,1)111111. (11111111, 1111111 111 111111 1. 11111111 111)
111 111 1. 1111111111111111111 1111111111111111111611111111- -111
11111111 1111111, 1111111111 111111 1111111111 Diplomatibus 111111111.
Ι11111. 17411116. 1111-315 1111111111 111 1711111. 111 11111111, 1.
1111-1441. (1111111111. 1111. 1111111) 11111111.. 11111111) 1. 11111111
11111.) -1111111 emptorum. 611111111111 1. havelberg. (11111111.
11111111). 1111 111116. 111. - 611. 1111111 111111111111 611111· 1.
· 1111119ῑῇ11 111 1111111111 1. 1111111111111 111111. 1111111. 1111111.
- 1711. 4. (6. 107-141 111 11111111 111141111111111111111, 1. 3. 1171
-14111 111111 11111 1111. 1111. 11111111, 11111111. 1. 1111111.) 1111.
111 11111111311111 ³¹¹ 1111111 1111111111. 61111111111111. 6. 63.
- 111111111111111111111111111, suppletus 11 continuatus. (11111111.
11111111. 11111111111111111111111. 111111). 111111. 1111111.
8111111111111111111). 131111. 11111. 6111 11111 11111. 1111. 111 ·
- 11111111, 11111161111111111. 6111111. 1111. 11116. 10111.) —
1111111, 11. D„ 111111 1111111111111111611111111161111 1111111111
1111 1111116111111111 1111111111 11111. 1111111. 1111. gt. 4. 1111111111
(6. 41-1118 11111 111 111111. 111 1111111. 611111 1. lma—1249, 111111
§.w-60 1161111111 b. 01111111. 1111111111. 1111111, 1111

 

