mm

31. 33. 1661, 36-39. 1663, 36. 1664, 4. 63. 1666, 6. 16. 16691416
17. 16-31. 1661, 37. 33. 1663, I. 4. 13. 16. 1666, 33. 1666,16.17.
1667, 14. 1666, 6. 10. 1670, 13. 39. 1671, 37. 44, 47, 1676, 6. 1676, 6.
mmmmmnmmmmwmmnmmmma
1119-1411911101,0.-17 19. 37. 1664, I 13. 31. 33. 1666, 6.
16. 34.1666,1,3.6.7.1661131619. 30. ’34- 36. 1666,1.9’17.
16. 1669, 6. ’16. 36. 31. 1690, 3.13. 37. 40. 41. 1691. 6. 13. 36. 1663,
7996.16991.16-30.34.36.1694,11.16.30.1696,4.13.1696,13.
14.17.37-’39 1697, 6 17. 16. 36-’39. 36. 40. 41. 66. 1666, 1. 4 ,17
3131136. 63. 3943, 169913, 16, 36, 39. 46. 1700, 6. 17. 16. 30. 31.
99. 90-39); 111111ι11161111,10111 11 111111 91611111. 143131.
6611ὲὶ11 ’1694, 6,;) 111111100111 111. 1111111111 (1111111611
· 6111266· 6621616666161261 ’12266116 61166616
..1111111611’311’1.’11711111111 ’216626
ΜΜΜΜΜΜΜΜΜΜΜ
1111111111 111 161111. 6111111 11111 190 3111), 11111111 11111
4011111111. 3111111116 11111 301. 61111). 1111111111, ’11111111 11111
11161111661111, 311111 1161, 13131’.’ 1300) 1111611131 611111
1111,11111. 1. ’1633) 1861111111. 6111111111, 611.) 11811901, 1904)

16111361811111ιίις111111111 1161111111116111111111111
ὥ1111ἑοξ33111ἕ1ἢ9611, 1111116161111111 9111 111 164111

11111111 sive Rerum Boiea ru ιιι 1111111111 111 annum 11111 11600. 1 Regni
scriniis 611111111161111111111111111111111111111111 111111 stirpisque
diversitatem in 61111111, 1111111111 ot 6111111111 1111111111611 (11111-
sita, 1111 911611111111, v01.1-1v. 11ο11111699-99. Opus-cura
1111111611. (1161111111 111111111111 VIN-111. 1011111111οηί1
Vol. I-VIII) 111111.1036-13.0111-11110 71616111111111111·
1111111111111101111111111111 IX) 1111111. 16614.

1101111 111) 9116111111 1111611ἓ, 11111161111111161111 6111
111111ᾒο11911111111111 ί111111111111116111111111,16111
1111. 1611111111111, 11111111 11) 16 61111111 111”’, 11111) 111111
1. 6111111111 1111116111) 1111 1111111111 1. 1111 11611. 1. 61111
1116166 6668] 1’1’1”6’1ἰ.”6’.6”’ 166181. ”6116”1ι.”311ἰί6’1”ιῗ’661”11’6’1
’16122661111611222 6361116662 666671666666
Ξ1111,61’111111,’ 3111111111, 111111 111’61.’ 6111, 611), 6611111,
11111,1111111) 11111 311111 11. 61111111111111611 (6111111. )111
11111111 ’6. 16616 ...1661661661162613621
18166’16’1’)’1913”9661ἰἰ’11θ’6’1;’6’1’1’.’4ι’1.”’9’.’1’93’6’161’1 111 3866618.
1.,,61)1903 1611116114) 6161)’19.10011611111.1.;).6171
3. 9 1110911303 10111111. 1111111111. 61 1 611111.) Q. 361. 47,
19 1301131111,111111119111111.61111111 ι 61111. 1611111.)
’6 ”’6 661· 6116122616 III.. 1666661662. ‘II‘
ξ6616316’8ἒέ ὅ. 316;1 913161 1111111.) (ἶ) 367’.11 390, 8.
19 1390 1116111111.) Q 10 ,’..191097 6111. 1,.6116. 940,
16111111 1. QrIQ 979; 1913901. 1131 ..1111) Q. 301,
umffimfflwwwwwwm

 

