1161111111. 101

161111,Ι1.,6111111111116111111111111111111161111111111. 6111111. ,

111111. 1. 1436 (1311111 11111. 6. 36-41. mu 6111111111 311111

111116 11 1. 6111 6. 30-33. 111. 31111111 1. 1131 . 11111111
11111. Q 34-36. 1111111111111116 1517. 6. 10311. 6111. 111111 6
1111. 1. 111111. 1. 111111111. 6111111116). 6. 114. 3 61111111 11.

1111. Ι. 11111 11111111111111. 6. 116-130. 131 11. 3111111161.
61111111 1111 1. 61111 1537. Q 150 1 . - 6111. 116 6111 r. 1111111111.
111111 11 31111. 11. 6166-,166 ut ·. 1. 1531 [1111. 16111 1 . 6111 11.
1116 1111111111 1111 111. (111111111111611131111111. we. 1. . 6. 175.
6111ἒ1111161. 111111. (11111 1533.6.11111.,6111. 1. 11 .11.
6...111311111311.31136..ἓέ*1111361.13111
1111, 1111111116 1. 311111. 6101-103. 16 1. 111. 6111111 11
1111111111. 6. 10411. 611. 1. 3111111. 6. 110. 11111111611111111
1. *gunt 1511361642ἓὸ 6Ῐ 1116-115. 616 111111111111611111. 1. 811111.
1· · · · · 6

1111111 11111111 1111116 111111. 1111111111 111 1111 111111 1111111 111
(1111111111111111111111111111111111111111111 1. 11111111 11111 1111 1111·
1111111 (6111111111 3111116111611111 11111 111 1111611111111111111111
111111 311111. 11111. 1116.

6111116 116 3. 311. 61 1611. 1593. 61111. 13111111. 116 1111. 111111.

111. Ι. 1116. 6. 114 11. 61161 11111111 116 st. 311. 6111111. 1616.
6133-135. 136. 6111111116 311 6111611. 11 111 1111111111. 311111.
1616. 6. 316-317. -111111 (Ι. Confessio fidoi soh. 8111111111ηά1. Q 3
-11. nudatum 6111111111 111Ρ1111111. 1614. 6. 11-11. - 11111111
1 1111. 116 6111. 311111. 13111. 1. 611. 16611. 1664. Q 73-15. 111111
111111 1. 3. 1667. Q 65-61. 61111 11111 1111111111 111 1111111111.
1311111111 1661. 6. 61-31.). - 11111111 111111 111111116 11
611111. 11. 11411 1665 1111111111]

1111111 1111111111111611111111111611 111 6111111111 11161111111111
gazum& 11118111 11 111 111111111111111111111116111 6111111. 1 6111.

[11. 11 6116 1. 1111111.·111111.1111116111. 1. 3. 1646. 1111. 1. 111111
111. Q. 16-13. 6 1. 3111111611 . 116111. 11 1. 1611111. 61111111.
1661. 6. 111-114. 1111111161. ..1661 1. 1666. 6106-101. 16011.
61111111 1. 1666. Q 166 11. 3111111111 111 R. 31. 6111. 611. 1661.

Q 361 11.]

11161111, 3. 11. 6111136), 11111111111111111111111 11 11611116111111·
1111, 1111111116 11111111111111111111 11111111111111311111 11, 11611
11111 116 11611111113111111111161111. 8111. 1. 61111. 1761. 4. (111. 1.
1. ,1111111111 1111161111111111111111111116111111111. 11111)

&Q 116 1111. 1. 111661. 36411111. 11. 11361). 311 11111. 1. (1363131411.

111. 1. 113601. 3641111111. (1411). 356 (13331. 35511. (1451). 36611.
(Qut. 11111. 6161. 611. 1111). 16111. 11411). 1101 11. 1. 6111611.
11..1111111111111111111111
1116. 603. 361 11. 456. 456 11. 46111. 616 11. 636 11.]

311. 61111111 1616111116, D. 3111111111 116 6111111611 3111111161
1111. 1111111 1111111111111 6111111111 111 11111ι111111111111111 11 111

1111111, 6111111, 1111111111 1. 1311111111 611111111111111116111111-
nonomen 11111 111 61111111 611111ιῦ11111111 111111161111611111,

 

