mmm m.

1000110 000 1, 110 &I 301011110οε 0 6101110 1010100100,11011.
101 1100100100 11110011111011000 (001 00 οι’0 0001. Ponet. diplom.
110 1100. 33, 33 0. 33, 100000 Νι. 300 0. ἒ 1331, 1000 1 1101. 0. 3.
1300 0. 3 001000 0. . 1303, 011 10100000 100 3100 0. 3. 1303,10
110010010001100. 01001]

010110101101101300110000011011003 000 0101110, 1110010011001100.
10 801. (00 00000. 0. 30 01010000. 111111), 10 0001101000100 1. &ten
110, 0. 0100 1110100111 10 111001001οι0 11001010. 1111. 0011011000 101.
eod. Pomor. diplom. 0. XXXV.

101 10 8011011111. 10000 100 1110101101 10111000.100111111101110011100
0011101100 1010110100 11011. 000100 111000000110001001 1. 00000110,
0. 0001100010 I. 101111, 100 1133 000001. 1110 1110101101 101111 10 1001
011 01000 30101 001 100 ς11010110111001101111100. 1334 0. 01οιοι 0οι
11101111100100000100 11000000 meran. 101 11101100 10100 110 10
1110113111111111““01.”11.1“’011..”“11 11111110, 0111111
010016οξιέ ἔ. 1311110 010011 1001110101101 1011101 0011 100 3. 011110
0 . 00.00.

61010100110101101100 100 01011 010110, 110. Borma. 101. 1113001100
011. 11111. 1. 000110.

(100100 1111100010οι 31 Urbis 81001000100010. 01100.1.110011110011.1101·
1)οᾒ1012111 00100 1000100100, 110010011001100. (133011111161000
1ἑο1ΙΙΙΙ 11111. 10100103· 1101110οι001. 1. 0101100111. 1111100. III. 3. 111000.

100010 110 11011. 1) 1οι 0101100 0111100, I) 100 00010 0 0. 000·
0000, 3) 0000000. 0 0011004110 11101 0 0. 01000001, 11 1. II. 0.
1100100100, 0 1. It. 0. 00100100, 11100 1110110, 10110 0. 001. (1101110
0000000000000οω000,
130, 130133, 130, 111, 103, 1030. 1001101 000 10 1001110010 01οε
000 0110011100 00101100. 101 100 1000000 60110 101 (110100103811011
000 10110000 0001 010 101010. 1100 0100111 100 010101οι0 10 110 60001001
001100000000011011.. 10100 000 10 110. 431001. 1101100 001100 3 111111.
10110101 110 010 110 10010 00001001 0010110101 101010. 1100101001010
6001111οσ 001. 1011101 100 101100 011110 103 13. 30100001. 00. 00100·
1301311οἓἓέᾓῖ 0010 010110 1101000 11011. 000, 0101. 000 100 3. 1303,

mer 61011 60011001 1100000110 100101ιο0010 1100110110, 1101010110·
0000.10111111100000111100110010110. 1100 1131 III 1703. 1010011001.
116114.

Vol. 00100. (001 100 1110111. 011110110110 11001101 quen: 6100110010
0101011001. 4. -11101001100101, 101100001010000111000 0. 11101010
0000001100 100 61011 6100011001, 0. 000100100 1111100000 10 110000
10001000 0101010011 0110010101 00014. 1010. 1311111616. 1634). &trah
1001. 1341. 4.

100111101100100110010001011100, 311110 1001100. 001 1100100001
1. 61011001. 1111. 00111100 0100110011. 0011 3. 10 1111110011. ,010010
10011010001001010010100 1001101010ον 0. 001010103 10 1. 11011.
11101. 8101100111. 1111100. 01011000. 0. I-III.

[00 111 0010100010 000 100 101000011οη 0010011010 100 3011 000

 

