1111111111111. 181

11111 1111111. 1111111 111 6111111111, 11111111 11 11111111 61111111
1) 11111111 11111111. 1. 1111. 111111. 11. 1. 3. 1114 111 1111111 (1.11111
II. 111 aum 1. 11111111.» 1) 11111111. 11. 111111. 1. 111111. 1111111111.
1111 1) 11111111. .1. 111111. III. 1111 1111111 (1. 611111 11111).

(11111111111111111111111111 11111111111111111 (111) Gapuzinorum in Bungnt
AquIsgnn.‚ larianisches 1111ρί111. {Ion ὓ111* 111111181111111
Quart 161. 11111. mmet. 1111. 1. 1111111. ⁶

ὓ111. PrIvuegIomm 111111, 10 &L 1. 1111111111 411, 1111111. 1. 1141-
1111, 111 11111311111111111111111111111 111, 1111111. 1111 111111·
1111’11111111111.111. 1. 6. VIII 111 1111111111.

1111111111611111111111111, 1111111 1111111.. 11111 (1111 111 11.
31111. 1111 111111 {ufta 11111111. 111. 1111111111 1111111111. 11. 1.
1111111. ὖ. Χ.

1 8111111113 111 Π1111111111111 1111 1111111 nostor 1111111111. 1. xm

11 Bonan. Vol. 161 111 1. 111111. 1111. 11 111111.

I 11111111111111111111111111. 1 1. 1 1111111111 111111111111111, 11111111

11111111111111111, 11111 Ε1111111111 6111111111 111 1111111111,
4111111. 1. nov. 1414 ex orIg. - 1111111111 1111 1111111111. 111. Romu.
in 01111. 1741111. 111. vm. 11 mann.

⁸ 1111111111 ιι. 1111111, 111 1111111 111111111111111111

11131111 1111 111 61111 111111 1111111111 1111111111. 11111. lm.
111. 1111. 1111111. Qun, 1111111111.

, 1111111111. 111111111111111,111 1111111, 1111111111, 111 1111 11. ’

3111111111. 1111 1111111111 111 1111 11. 31111111. 1311. 1111111111
111111111111. VII. 1. 1111111. ὃ. L

I 11111111111101111111111111η1111111νί111111 marianam. 1141· ’

11111111111111111111 v. 1⁴133 11111111111411; andere Rechtssprficho 1.
8111111111. 1111. XVI. 111. Burnus. 149 1111. mum. 11111. 1. 111111.

5 11111111 dos Reiohakammergemhts 1111111111 1111. 11111111111111-

1111. mbr. 111. nomas. Vol. 161 111 1. matut 11111. 1. 1111111.

ἶ 111111111111 11111111111116111111111111111111 111111111111111.

11111111111111.11111111.11 Quart. 111 111 1. maist. 51111111.
1111111111.

111111,Ο.1.,1)111111111111111111111111111111111. 11 1111111111111140.

1111111111 111 (111111111111111111111111 1111111 11. 3111111111. 1111.
1111111111 1111111111. 111. 1. 1111111611

111111111111111111111111161111 111111111111, 1 11111 111 11111111
1111111 1111111111 III. (II.) 11111111 V., 11111. 1111- 1110, 1. 10 11111.
111 1111111111 1111111 111 111 3111 11111 11111111111111111111·
111111 111 1111-1111 1111111. 1111. 1111111111’11111111111.11.1.
ὅ. VIII 111 1111111111.

11111111 11111111. 11111111111111 1111111111 111 111111111111, 11
111, 1111111111, 111 1111 11. 31111111.1111.1111111111’1 1111111111·
1111. 11. 1. 1111111. ὅ. VII.

 

