6111111. 411

1111111 11111.) 1111 11111111 11111 111111111111. 14. 31111. 111111
1111 111 11111 1111111111111111111 111 (1111111111. 311 1111. mas
111 111 1111 210 11111. 111111 89 1111111111, 1113111111111111911111.
1111 1111111111 18111111. - ῢ111111111111111111111 111111111111111
1111111111.1111111111111
, ., , 1 1. 11
welf· §mm W 1111111. 111 111 ἓ &ureil ί11111111Θ 1111111ἔ 1111. 11111.
1111111111111111 111.1111111111
111111.111111111111111111111111·11111111111111
111 11111 11111111. 111 1111111111. 1111111111 11ὓ111 11111 (1. 11. 6111111
111111. 111111 11111111111111 111111111111111 1111111111,
11111ἷῖ11111111111111111ὲ111111111111111111111
1111111111111, 1111111.111111111111; 111 1111111111. 1111

(111111. - 1111 1111111111. 111 11111111 61111111111111 1111111111. 1111
111111111111111. 11111111
11 11 1

111111 11111111 1111111111 1111111111 11 1111 1111. 1111. 1111. 111 111111
11111111 111. 1 1. 3.]

8111311111 1811), (11111111111111 111111111111 11111 11111 1111111
1111 1111111 (1111111111111111111. (1111111. 1819. 4. (11 u. 388 6.)

[1111 1111111968 1111. 1. 3. 1206-1649, 1111 11 1111111 11. Nr. 140-
168) 1111017. 31111. 1. 11111 11111111 1111 1111111111111ἓ11. 61111
1111111 (1111111111 11111111 118 30111. 1111111 11111 1111111.
1131111. 1113811111, 1111. 14. 1111111. 111111 1. 11. 31111. 11,
1113·111111111111111111 ι111111111111111111
1111 1111111111, 11111111. 111 111ἓ111131ἑε1 ugbeetttoebegrfi 11ὄ1ί1ὲ11111ἵ1ι11ἰ
11η1111011111ἶυ111111111111111111111111111111 ῧ11111 1111111111
11111111111111111111111111
1. 1111111111, 1111 1111111 11111111. 111111 11111111 1111111111111
11· 1111111111ἷὲ 1.11111111.11111111ῗέ *111ῗὶ1 ’111
1111. 111111. 1. 1111111111 no& {Igtbztbfssnfsszgeltgen ἷ111111ἒ1ῐι1ῒ1111111,
1111111111ᾅὲ 111111ἓ11τ8111 11111111 111111111111111.111111,111τέ
11111, 111111111111, 1111111111, 1111111111111, 1111111111, 111
111111, 1111111111 1111, 111111111ἒ11, 111111111113111111111, genus
111111, 6111111111 1111111111. 11111111 1111111111,3111111111111111
111111ἔ111111111ξ“111111.,11111111“11111111111“’111ξῑ
111, 11111111. (1111111111111, 3111111111111. 111111111151111111111111
11111111111111, 1111111111, 111111. 1111111111 1. 111. 11] 1111.
1111 11111 1111111 111. 111 1111111111.

1111111, J. J., Β111111111111111 ad 11111111111Β111111111111111111111.

1111111111 111 111111 1111 1111111111 &amm 111111 1111111111 1111 111
6111111111111111111111113111111111. 111 111111 111. 1111. 1111
11111111111111111111 11111 1111131111. 11111111, 111 3111111· =

 

