111. minimi. 188

88188088811888 188 818111,18188’81888118881111811. 1188118
Lumine, 8111888 88 1690. 8188181818888188118881188881818. 81.
11888817181817118818.1748-87.181.
Ei. ΙΙΙ Β18)]8118 ..8 1788)1 11888 p cccxxvli (finitim- 111118. 8.
888
888888,0888,8888818111181181881188888811118 8188888888. 988 1111188
8118 8888111188 8. 8811111188 8188811688188, 88818 8818888181 111118, 1888
88 1188118881888888811 11111 88111 811811 8118888ιῦ818181, 1818888111 1188
888 1181181888· 11. &inimicita 8818111, 11 8181 881188 1111888818 8888 Sciit·
8881118 1188 18811111 888 88118 &eburi 888881. (ie 18818811 8111181188
81888 818881811118811 8811118811. 8118888188181 1188811818 1811181 8818
181881 8888188888, 81181811, Ditem, 81181181888188811881111818
81118811, 1181 8118811 818 Fundationes 88188 8118881188818688111181 8. 818
8181881881111818811188 1. 888888881188 81181181, 18811 8811188881 1111881811
88181 Funditorum, 8111811 81188118, 18818188 188181 881816188181 8.
81188811, 881111 1118888 8811111881 88188811, 8818 8811888811881888 88118
1. 1881111888 81888881818181181 8111 881 8111181118 888 8811881181118811811
881881 88888811, 11. 1118111111 8818818818 88111 8818888118111 8881 Opere
8888188188 Historicorum 811 111881181188 8818881188111118818 111811888-
188188811 88181 18811188 u. 8188811818111881 8818811 1881181881181181.
888181. 1714. 811. 1181. p. 468 (1181 818811). 481 (8. 888).

cinni, 1118181188, 11811 Historia 8881οεί88888 (1111888888. 818. 3 Τ. 11888888.
16111.. 8118111 18888181. 8818188188881]

8 88. Benedicti 1188888811 8. U. D. 8888188881881888811881 8181881111
81881 iniquitaten 888 818188188181118 ὓ8811881118 88118. 11111811.
1718. 881. Q 8. ὓ881ι881111.

. [ii. 1: δ. 88 18. 8. 1808. ὃ. 98 8. 1884. Θ. 888188, 1184]

(8888. 8811881188.) 81118 8111811188 81881181 881 8111 6188888881
881 81181 88111188881118, 1881111188 81818118 88188181881118811881
8818818181, 11. 88181118811111881881 1188888118 88888181881181111188
1. 88188118181118 8888118811, 1. 818 11 D. Beniamin 1188811 8188888881·
18888188811111188 8118811818 888181 83111811111811881181 8118 818 811
8118811 8811181818 (8111811118 8888188181 81818811 11188 11111 8881881188 88-
8881881111.8111188811111 8188181818181118181 81181 881811Η1118118818818888
811188 1181111881. 11188888. 1741. 4.

8111851811. 18818. 111-111 1814(111811388811111.)
8.1148.1888111.118 11. 88181188. 88).)

8. 8118818118, 888181. Phil. († 1878), 8881811881618188811881 11 8181181818
8111181181 811888 1811188 188881) 118811 8. 1 1111818381 1838168811
1618888181). 1848- 1688. wie. 5501.

Ψ. 1. Q 1411 18. 11. 1781181811818888811881 181188
181881818888111811. 8118188118 8...Θ(81888 188818 81 1118111118;

8888188111 in 881881 8111888 81118118 81818 18181 1111111. 81818818 6111181888

8.61881818811188,)8888 888818181811888111388811811818 8888111811,

 

