460 . (11111111.

(81191. 1791-99.91111111 1111.) II. 111. - 1111, 1111111111.
&amnt 111111111111111 119 1113111111 119 11111111 9111111. - &netu
111111 1111111181. 9 (111. 44. 49) (1 1. 11111111). 1. 1111111111. 11111111.
1111111111. 1911. 11. 111111. 11111111. 1949. Bb. 19. Q 191. -— (111.
mm.) 6111111111 1111111111. 1111. 111. 1. mamb. 1710. 111. 111.
11111. 1711. 111. 1741. - 1111111, Q 111111111111111111111.
9. 91111. 1111. 1917. -11111111, 3. (111, wolaviognphia 1111 11111111
1111111111 111 11111 11111111. 11111111. 1719. - 11111111, 1111111119
111111 11111). m. 9. -11111111, 111111, 111111111111911111111111111.
61111111. 1711. 4,-11111111111, 91111). 11111111 1111111111 1111111111
(1111111111111. 1191. 4. - 9111111111, a, 11911111111111111111
111 1111111111111 11111119 111 bet 1111111111 111 9111111 111 1111111111
9111111. 1199. 4. -11111 11, aeettr. 1. 1111111 11111 (11111. 11111. 11).
1-9 1111. - 11111111, J. (1., 11111. do 111111 1111111111 1111. Ionae.
1991. 4. -111111111111, 11111111. (1111111. V. - 1111111111, 3.
111.. 8111111111 nummis 111. 11111. 1799. 4. - 1111111 Academia 11
8111111 (1111111111 1. 1111. 11 11111111, 111. 11. 1741. 4. -· 1111111111,
1111111111 (111119 11 31111. (11111 111. 1. 11111111. 61111111. 911. 1741.
4. - 11111, 1311111111) 111. st. 11111111) 1. 611111 (191911111- 3
1111, 1111111111. 11111111) IV. — 11111111 opusc. 0011.x111.
— 1111111111, 1111111111. I. 1. (11111. 1. 1111111111. 111. 9. ··· Iam·
111111, 13111111. 3111111111. 1111. 11111. - 1111111111, 1111111111 pout
1111111111. (11 XVIII 111111. 111. 1. - 1. 1111111111, (11111. 1.
1111. 1111111161. 1. 11. 9. 1111. - 111111111Β111111111, soh„
11111. do (11111111 111 titulo 1111111111. 1494. 4. - 111111. 1111111111
1799. 1779. 1791. 1799. - 111111 111111111111111. 111. 1. 4. 19.11.
11. 14. 19. 94-99. -111111, 1111111111. 1791. - 1. 91111111 uu·
1111. 111111 1111. 111. 1111 ὅ. 111. - 11111111, Do 1111 religiosa
11111111111111111111. II. 1. II. 1991. 4. 9. 11111. 1. 111 (1. 1111111. .
17911-91111111, (1111111111111. - 11111111, Det. 1111..
11111τί111 1111111111 111 11111111 611111 (1 (111111 1.1999-1717. 1111
1111. 4. - 1111111111111.111111111111, 11111. de Privilegio 111-
1111111111.Ἶί111111. 1714. 4. - 1111111111 cod. Jur. (1111. (1111111.

Prodrom. - 11111111), 11111). 1111111111111111111111. 1111111111
1111 1111111. 1111. - 1111111), 11111). 1111111111. 11111 1111111111111.
11111119. 11. 1111111. - (9111.) 1911111111. 11111. 11111. 1. 1. 9. -
1111111 1111111111 1111111111111111. 111. - 111111, 11111111116111 ἵ
1111111111. - 1111111111, J. Fr. Schwartz. resp„ Diss. (11 via 111-
gia 11111111 8111111111. viteb. 1791. 4. - 11111( mmmm, 11171119

111111 11191111. a. 1 (111111. 1941.) 11111111). 1. 119 (11. 1941). -
11111111 1111111111. Imp. Rom. (11111. Τ. 1. (Lib. 4.) - 1111111111
enucleat. 11 11111. - 1111111111, Ser. 111. German. 11111111. 11111-
bricII. - ’11111111111111111111111 1 (Μ). 1, 9 1. 4), 1 (w. ὃ
1. 1), 4 (91. 1), 1 (91. 1 u. 4), ιι (91). 11), 14111. 11), 11 (91.
19), 17 (11). 111-911111111, 1111191111.1119111111111111-

 

