111. 11111111. 111

111111 11111111 . p. 11-11, 117111. ss. 61111 1111111111( 11. 1.
1131111111, 111ἶῖ111111,1111ῗὲ11 311ζέ111ἐῖ111111
1111111111, 1111 p. 11, 11, se, 19, 11 g.. 11-111, 111, 11111, 111,
1111, 111, 113, 11111. 11111. 111 11 11111111.1111111111., 1. 3.
1139-1115, 111. 1-144, 111 pum 1111111111 11111111111161111111.
ἣῗβέξὲξξῇ 1111.11111111ἐξ,1“;ζ11”.1.“7..’“ἑ111ἱ“1’1ἓὲ111
1111111111 111111111ιέ 11111111
cuppa 3111111111111111111 1111111111ιῄ 111 111 61111111.
161111. 1. 1111111111 1. w. 111 p. 141. 1111 p. 141 ιιι 11111111. 111,
1111111111111111111111.11111111111111
11111111111911111111.ἴῖ”1.”111111ῗ““111;1“1,111-11111
11111111111111 1111111 111111111111111 1111111111 11111
61111,1111111111 1111111111. 16111.111111.11.1.11111., 111111
111 61. 11111, 1111111111. 111 p. 1111. mon 1111111 11111111 111164
-1111, 111. 1-11, 1111 111 1111111111. 1. 11111.. 111111 11, ιι. 3.
1115-11114,1111 1111111111ιῆΙ 1. 1111111111.,1111.1111111111111 111
’1.11 11111, 111111 11 11161. 111111. 1. 1111111111 p. 301. 1111111111·
1111111111111 111111. 111. 11111 1. 1111. 1. 1111111111 11311111.
ἓὲιῖὃῗιῖξὲῗ 1195113111γῇ ΞὛ tlggp-tilgssfflp-lffi malm&
1111 1 1111111111111Ρ11 1. 61111 1. 311. 1811111111 1131116111.
611111ῐὲ 1111111. 6111111111 111 1111111 1111111111 1. 1.,11111

111 11111 1111 111 111111111111111111111. 11111, 11111. 1.

&graffium 6111111, 811111. 111. 31111111 l. “W‘' 111111 111111. 61111

11111111 11311111111111 111 111 61. p. 11111111. 1.1, 9 1. 11 1111. pu·
ptem 11111111, 1111111111, 111111, 1111111111, 61111111,
11111111111111111·1131’,ῗ“1.ῖ..”1..1ῑ 1111 111 1
1311-1601, 111. 1-401 111. 1ο, 38 ιι. 4111111 111 11111. 1. Ur. 311111,
31111. 11. ιι. 311. 6111111. 11111111 11111 111 11111. 1. &culhem
11111. 1111. 111 61111111 1111113). p. 111-411, ἰ1ο-441. 111. §Det
1111ῗῖ1111’313’111ιὲ111..1.111111ἱῖἶωι1ἱῗ11111111
81111. 411 ιιιι 11 11111, 11. 1133-1411, Nr. 1-11, 1111111111 111
1111111 6111111111 111 most. 111111111111 1111111111.) 11141-441,
-441-461. vm. 1111 (1111111111111131111111111111111 pum
1111. 61111 111 111111. (111111. 111 111..111111.,111111111. 111611
111 1111 1. 6111111111 1111111, 1111111111 6111111111 1. 3. 1111.

. 461-416] 111 p. 419. 11 p. 411 11111111. 1. 1306-1149, 111. 1
-11, 111111111111111611111111111 1. 11111 11 11111111111111, 111111
&agapen ιι. 1111111111 11 111 mon. 1111111111 111111 111 11111.
111111. 111111111411-111, 4194111- 111. 11: lx. 61111 111111
111111 161111. 11111. 111 p. 13. 1111 p. 14. 11 11111111. 1. 1101-1611,
111. 1-43; 11111111 1111 11111. 11111. 1111111. - 11111 1111111111 1. 111. 111,
1. 3. 1417, 111111 6111111111111 11111111 6111111111 , &pag ιι.
havelberg - 111 111 11111111 1111111111111 11. 111. 1111. r. 1ο. 111·
111 11111111..1111111111111111111
graban ιιι, 111. 11111. p. 1-11, 11-11. 1161111 1111111 111·
1111( 111. 1111111111. 111111.191111111.1.1311-1141,1111

 

