61111· 111

81111111.) - 1. maen, 1111 paci· 1111111110 publ. (0111111. -

011101. (111111) ·- 1. 0111111, Acta 1111111111 1111111111111. 111
(11111111. 11111111.) - 0111111111. 01111111111111111.01111111111111
1011111111 1. 01111111. nent (111111.) - 111111111111, 011 1111111111
0111111111, 1111 (11111111 1111111111. 1111111 1111111111 1111111111, 111110 111·
1111111111 1. (1111111111, 111110 1111 111111111111111111111 θιτῃιῦῴηῑ.
(1111 0111111111, 1. f. 11. 2. 8. 111111). 1. 0111). 1111. 011. 1111. 011111·
11111.(011111.0111111111111111.) - 1111111), 111111111111 111·
111111. (11111111.) - 1111111111 1. 11111111. 11111111 11 0111111111
011111 111 1111111111 11111111011111, iu 011111111111110111111
11111111 1111111111 1111111111. 1010. 1. (0111111.) -· ‘Honokom
0111111. 111. 01111111 1-0 (0111111. 01111111. 0111111. 1111111.
91111111311111 11 Τ. 0 11)111.,0111. (11111. 8111111111111111111111-
plom.); 1 1. 0 (11111111) 1 n. 0 (1111111111. 101111). (111111.
9111111( 1(ἯΙ.01(11111111 LV. 111 0111111.011111111111111, ab 1. 1017
nd 1100101111.,11 Cup. 01111111111111111111111 11 nint. 011111. (1111111111.
01.111111111111.01(111,11(1.1.1111111111111111111,011111.
1. ῗ111111111 1. 1. ΙΧ.01(11111111111111111. 01111111. 1111111111 0111. 1.
1111111.1.11111(1111; 1. 111111. 1111111111, (11111111, 011111).

μ , 1111111(.);11.0(111(11); 0 (1111111111.) -· 1111111111,00(ῐ.

110111 111111. 0. mog. (11111111. 01111111ὓ1111111. 01111.) -
011111,.111111)1111111(111111 11 1111111. ffb. 010 (1111(111.); 4 ((11.
1111. mm. 111111.) ·- 1111111111, 1111111111. 1. 0111). 1. 011111
1111111111.(111(111.111111(1.11111)11.1111111.11111),)- 1110111
111, 611111111111111011111111. 0111111111. 111. 1. (11111011. 11111111.
01111111.) ·· 0111111111, U„ 0. 1., 011 11101111111( 111 &furt 111
1111111011. (111111111111111111111111111.3111 1011. (011111.) - van
111111, 61111 chaum 1111 (11111111 111111111111111. Τ. 1. (11111111.
01111111. 11111111. 1111111. 1111111111. 1111111. 1011111.) ·- 111-
11111, 11,, vindicino 1111111111. (11111111) - 1. 1111111111, 1011
8111111. 0111 111 w. 11111111 11111. (1111111.) - 111111101111 dipl.
11111111. 1,01.4(1111(111.1; 1, 0 1. 1(01111,1(1.); 1 (11111111.
011111.01(111)1(11111611. «- 1111111 notit. 1111111. Belgio.
(01111111. 11111111.) - 0111111111111 u. 11111. ,1. 1111). (1111). mag·
011111111111. 0111111.) - hebius, 0., 11111 0111111111011 (1111111111
,1111 (1111 0 1111. 1111111111.) 1111111111 011. 011 111111ὓ111111·
11111111. ὗ. 000 111.) -· 01111111, 0111). 1. 1111111111. 11 1. 111. 111111
0111. (11111011.) —· 1111. 0111. 'L 1,1, 0, 0,11,10, 11, 10, 00 (1),
11 (1), 1111. 1), 11 (1), 11 (1), 11 (1), 11 (1) (1111111111, 11, 11
(1), 1111) 1. &alberit-3 4, 11. 1111, 29 (1), 10 (1), 11 (l. 11111111
111111, 10, 00, 10 (1), 00 (1),.01 (1) 10111111( 00 1. 09 t· Dntb·
111114, 1, 0, 00, 00 (1), 00 (1), 01 (1) f. 111111.) 00 (1), 00 (1), 01
,(1)-1· 1111101.) 00 (1) 1. 1011111.) 00 (1) f. ὓ111(.; 00, 01 1. 01(1)
1. 011111( 011. 1111111( 00 ,1. 00 1. 011111. 01111111) 111) T. 1, 4,

11. 11-11 (11111 1101· 0111111. - 1111111,111.111.,.3(3(11.1111.0(1.

 

