0100100111. 470

tuma 11011001. 9010100100 1. 1. 0100100110. 1211001001 10, 0011101000,
0001100011001, 100101001000010 0100000110. 0100100111. 00111110. 1004.
4. 4 11010.

0. Mem 0. 00011000οι1, 1111101 0101100, 1000110 Superior Diplom-
1100, 100 1110010010010101100 00001000, 000 0010101000 110100 11100οε
000110000101001100100 001010100100 000 000 00011000 010 00100100
1100100· ιι. 010101010011000 1110100001οι, 1001100100 0. 001000 01011
000 0000000100, 000 Δ. 0. 1000111 1000. 110110110100011010000100 0.
010011100010101000. 1701110110 6. 0.11τ11.ι110000100. 001 0 0.) 001
Singularis historico-literatis 10001100 61. 7. Q, 400-410.

[30 00000010 11011.. 10000 01 10οι 110 3011 01000-1407ς 1101110110
0. 1000, 0000010101οι 11010101ος 001 1. 14. 30000. 10 000000
011011, 001 1. 11. 301το 10 11011.. 001 1. 10. 80000. 00 0. 001 1. 17.
11111·’ 1111101111· 1111111111· 111111111111111
10 01 000 0. 1000. 011011. 10010000 10 000 0011101 0001 001111
{offic ”lilabctiggglflailst 110101010010010001. 0000110101 00101101 ιι. 0101

(6000101001.) Lamia Superior 1101000110 continuata, 0011110 1001101000
1110οι10011111000 0000100000 000 00100101010000110101 000000011000
1010011001εο 0010101000, 000 100 10011 000 010 0010011100 Diplomatibus,
Privilegion 0. 001000 01011000 0000000100. Anno 1704. 4. (174 0. 0.’
00000100. 100 11011. 001 ³ 0.)

000 0 .. 00 0000 0
b: 17: 0 tt 011011. 00 11011αο110. 000 1101111101 10110111το10 111ιο

0. 17. 1010 . 0. 010 0000 001 bct 1010οι00 3011 110 0100100111 1000
00001, 010 gant 11011. 110 0001111110 01000, 010100 00οι000 010110

(100100, 10111 01ιο.) 0001010, 0101001001αο 011010. - &m 110οι

000 111 11010 1101110001. 011 0000 81011 0000101101, 011 110 000100, 1οι
100 111 110 0010000011οε 00011001 00000 001]

’.1101οη (11011, codex diplomaticus Lusatiae superioris. 00001000
100 00100100 110 110 001010010100010001100011310οι100111. zm 001.
10000 100 0100100111. 0010010011 100 01110010. 001001. 1. 01. (1001). 0.
01111. 13110 ιι. 108 6.) 011110 1157.

1ξ10971100-11ὶ8οὼῗῗ1-1040. 110 00οτ (70) 10100100 101 01110001 11101100.

3000100000100111101010 100110 01000010 1704. 0. 00 100. 0. 1110.
10011110 11 100100111000010 1010. 01. 00 019010), 00001000 00οι
0001100010, 110 0100000110 1010011001, 10 01100111. 110. 0 10 01.
14 100 110001001οε0 1111ιο10 10 1. 01111010. 1. 0100100111. 1101011101.
01110010. “

8000110, 1100, 0001100100, 01001010, 1101100110, 1101011101 011100000οι
101010 bet 01001001111010011001. (100 1100, 0. 1000-1700). 01. 0100
110001οι100 00101100 10 1. 01111010. 1. 0100100110. 00101110. 1. 011110οι
10011. 110100 100 500011 001 1. 11. 100111. 01000010. 1040. 01. 00. 5
110-111. “

 

