ς1111111111. 411

1111111 11111 111 1111111111 Scit 1. 1311 111 111111111111111 1. 11111
ε1111ῑ111111ἓὲ31ἓωῑῷ1ῐ181] 1111111111 111 111111, 111111 1111111111 11111111

01111111111111111111. 11111111111111111111 (6111111111 1111 1111111111
1111111111), 111111 311111 111111. 1111. 111111111111111111. gu (1111111111.

11111111 11111111 111. 1111111 1 111111 (11111111. 1. 1111111111. 11111111
1111111111 111111111111 1111111, 111 11111. 111111 1111111111
1111111; 1) 11111 1. 111111111111111111111111 1111111111 111 most.
111111, 1111111111,1111111111 coenobii 1111111111 11 1111111, ex 11111-
1111111111 1 moneo 111111111111111111111111111111“,111111111111111
1111111111 1111εἰ ; 3) 1 11.(111111111111111111111 11111111, 11111111,
11111111 11 111 11111111, 1111111111, 11111111, 1111111111 1.
1111ίέ), 111111. vta: ,1111111111111111111111111’111111111111111 11 1111-
iii„iiiiiiiii¹¹25?iiiiiiiiziii:iiiiii‘iiiiziiiii
tibus iussu 11 auctoritate dominorum 0111111111, D. 11111111 1111111,
11,(1111111111111111111111 11 Ι). Β111111111 Τ111111ι, reliquorum 1111111111
111111111111111111,1111111111111111 111111 eorum erecta er 111 1111111111-
11111 1111111111 Wittebergensem.“ 1111111111 11111111 1111 ,ΝΒ, Η11
codicis domminensis, 11111 frequens ad 1111111111 diplomata citatio 11·
currit, rubrum oratf‘ 1111111 1111111111 11111. 1111111111. 3. 1131 11111
1111111111111111111111 81111111 111, 1111 ei 1111111,11111111 111111 ι
81111111116111 1 11 1. (1111.111111111111111111111111. 1131) 11111111
1111111111111111111111111111·111
1111111 111111111 11111111 11111111 1111111 1111111 6111111111, 11111111

11β1ῗ11111111111111111111. 111 6111111111 111 111 1111111111 11111

111 1 11, 111111 111111111111111.(11111111111111111, 111111111111111111
1111 1111111 1111111111 11111111. {igi 1111111111 11 i. 01111111.
11111111 ἰ6111111111. - 4) 1 11,,111111111 ‚podex diplomaticus libi:
11111. 11111111111111153 iiiiiiiiziisii‘f ¹¹* ·’

1. Duum 11,, Codex Pomernniae diplomaticus. fflb. 2. 1111111111. 1111.
1111111111111 etenim 1111111111. ·

111. 111 111111 &attinet 11111 11111 1111111111 ibet 1111111, 111111 ab·

1111, 1111111 1, 11111 1111 11111111, 1111 1111111111 111111, 11111 11111
111111 1111111 111111111111111, 11111 11 11 1111111111 1111111 11111.
1111 11111 11, 1111111 1111 11111111 111 1 1.11.111111111111111., 111111
in 11111111111111111, 11111111, 111111111111111111, 1111111111
1111111111 111 1111111111ῧ111111111 11 1111111111 1111111 11111,
111111111111111111111111 111 11111111. &thiu 11111111, 111111 11111111
111. 1111 11111111 111111111111 11111111 1111 ibet 111 1111111111
1111111111111111111111111111111. 1111 1111111 11 111161111111111111
1111111111, 1111111111 &imminua 1111111111 111 1111111111 11111111
14. 3111111111 111 11111111111111131111 1111111111 1111111. 111
Q 111 litii. 1. 111111. 1111111111 11111111.311111111., 111111 [11111111
11 111. 1111111111 111 111 lite 111, 111111. 11111111111111111 1111111
1111111111 111 111111 1111111111 3111111 1111111111 11111111111111111111
gibi. 111 cameli. —biibndy §gen Sairbidygnbbct 111111. 1111111111 1798. ,
11111111 111 111111111ἔῖ 1111111111.ο 11111111111Ἓέ11111191τ11111ῗ
11111111 1. 1111111111 111111, 11111 11 11111111]

θ11111ὀ 1111111111. 1111111, 11 1. 1. 1111111111 11111111. 111 1111111111.
1111111111. 11111. 1. astatium& 1 &etthi 1311. 1111111111 ,111111

 

