1111. humb. 111

mvii 111 11111111 1111111111, 111 11111111 1111111 ib
911 111, 111111 111111 111111 111 1111111111111. 11111111,
1111111. 11111. 11111 11111 1111111 111 de Viffnoies 5111111111 111111
1111. - Dipiomatunum Dlstoriiense, 111111. 1. 1322-1542 (1111.
111 Most. fflifiotff), p. lov-168. - ἢ. b: 1111111, ii. liis-1552
8111111111), 11-11. 111111, 1 urit. 1. 1311, 11111. iet

111 . 31111111, p. 115-110. -1161 31 utri, 1. 11911-1611
1111 1111004111 1111.1.16·11),ρ.1·80. 11111111111111 111-
mitrii Uenidium S. Annao 8111111111, 1111111. 1. 1411-1111) [heir.
111 6111111111. 11 15111111), 183-116. Ap ndix (3 11111.. 1111.
51111111 1. 6111111, 1. iili-ii). p. 157-160. 1 11111 111 1. 11111,
111111 fin 11111 1 11111 11111111 111111 11111111 111 111 1111111111ἰῇ 111
11 11111111. 111111111111111111. 1111 11111, 111 1111111311, 13.
1011-1639 (1 1111. 111 1. 11. 811111, 1111111. 111 1. 11, 4911111. 111
1. ia, 13111111. 111 1. 11, 12911111. 1111. 11, 4411111. 11111. 1600,
911111. 111 1. 17. 3111111, 11111111 1111 1111111 1113111111, 1111 quim
11111111 61111111116111111111,1111111111 1111 1111111111.
&timim 111 111111111111111111111111. 1. 111. 11111111111.
1111111111 111 1. ὒ1111111 111111111111,1111 111111111111 111
111 1111111111. 1111111111.. 111111111111111111 1111111111, 111
1111111111 1111 111. 611111, 1111 11 1111111111 1. 11. 111 1111111, 1111111
ild) 11111111 1 1111111111 11 11111111111111111111111111111,
1111111 111111 1111 111 111111. 11 1111.. 111111 111111111111111111 ba=
111111 , 111111111 11111161. 1111111111 1. 1111111, 1111111111
111 11111111111.11111111(111111111111111111111111,
111111111111111111 611181111111111,1111ἱ11111116111111111ι
1911911ξυιῗῃῢ11111θ111111111ᾟ,11111η11ῗ1ἆ11ί111111111 1111111111,
tytii. 11111111, 1111 11, 1311111111, 1111111111 1111111111,

ruminabamus,

6111111116111111,1111111111,1111111,11111111,111ι

1111111111, 3111111111), 111 11111111 11111111 1111111111, 11111.
61111811 111111 1111111111111111,1111111111111111111.
11111111111111111111 1111111111, Ruti 11111, 6111111111 1. 1.). -
111111 11111111. ’11111111 sub 1111 11 111. <iz ‚Ex 1111111ἰί 0111111111·
1111111111* iiiiii · 11111111,111-1111111
1111 11111111 111111111111 1111111111 ,1111111111 1111111. 111 1111
nit· Tuditionis, 11 cums mboio Rami Arboris 1111 111111 111111 11111111
111 1111111111 111311111111111 11 111 1111111111 1111111 11111111* 111. 1.

. 111-161. ,1111111111ίί 1 (111111111111 1111 1111111111 111 1111111
111 &uit 1111111111 11. 1. p. 153-163. ,111111 11111111. 111
1111 1111111111 111111 1111111111 111 111111111111111 1111 iiiim-
11111 u„ 1111111111 1111111111] ibid. p. 113-179. ,111 1. 111 1111
wi. Jctn 1111111 111111. 11111111.1 ibid. p. 110-113. ,, 1111111 111
111111111111111111 311111 11111111111111 11111111111111 11. ³.
ρ. lii—liin 111-111. ,111111 111111. 111 111 111111111131111
1111 111111111111111 1111111111 1111111111ἶ 1. 111111.α Ι1111. p. 101
111111111;.111111111111·..11111111 1.· 111
111 1111111111 118111111113111111 1111111ῢ1.111111111531ῃ111111ᾱ11.Ἰ
1111111111131-111181411”11ι111α1101181 1111α1111111ιιᾳ11101111111ἓ1111, 1119111111
1111131111 1111111Ι 1111. ,119-1111 ,1111111111 111111. 111 111
S 1 potiamini 11111111 111 11111111111111111 11111111

111 11111111111111111 11111. p. 111-111]

 

