114 1141111444.

144 - 0411ἑ41. 111441 S. 1141 111. 111. 14411411. &ruff . 14·
14411411. .11141 1413111111 1;111ζ44ἓ1λ131111411)414111ἒξιιι mi
ξξῖδξξῐψέἃῗἲῗτιῖυᾶζτῇἳῃττὲςῇῐοῐξῗίᾷὄ114. 11114114. 1, 1. 1463
11116, 141411 4111114111. 111 1141111411. 1111611141.
1414. 14611 ,114 14141. 1141. (1411. 11414. 11111. 11. 1. p. 1111 111.
111111111ιῖἓᾷ’1141143111 781 “ffirb'gffigssmp' 51541ἕὲ1
1..1111111111,1111114
14144. (1114111. 1456 1 1501. p. 511. 1344141411. 1. 511411.,1.1144
1111111111 1.· 11115611111111111111411· 1111
1. 6111114 . 411. 14144. - 3111111414, 114414 111. ,1. (ΙΙ.) vn.
B. 1114 16141 1444414411111. 31111 u. ffittg, 4141 11411111.
11111’11111’111117161111111111111111111111
114. 141941 114 .1. 1441. 11441141, 1114114 1. 311. 11111. p. 1171
4111.111.,14111.,11111111111111.111
11411111. 1111111 11111191111111111111

1141111414 1114411 &otiu († 1161. 1111. 1141111111 111441. 11414. 11. 5.
ὕ. 1. 4111. 6. 1401. 11111441 11114441. 1. 1411141. 6144114. 111. 1.
ὅ. 31 11.) 1111141114 1. 111111111141411114141141 111 1414 11141 1.
4141444 1141 14 1411111441, 1111 114141111414141141114111141,114114
1414 1414414411 114 1144 1. 1114441114 144 1111411111, 1111 1411441441
141 4411411114 1114411111 1. 1413111111 14111411 11 1414114111111411
11141141114141 14114111 144111414141 1111141 11 414 1114441 11411 14414141.
11114. 111411. 1754-11. 4.-111111165-184).4411111141
14111444 1)(4111441114411 1111141 11411114111411.1)1111114111144
1111411144 1141414 11144 11141441 1141 11 1411114111 1411 4141144
10111141411141114111141111 141414 14114141 1. 44114141 144141. 114111
411444 1111111111 1114111144 41144111 11114 111441.

[114 11411, 114 1111141 1. 3. 1011-1133, 14111141 βξ 114111 1144 1. 14
111111 11111111’1111111111 111111111111111111
(1.3. 1111-1319). ῗ141441. mantissa 14 4141 1441 411 4141441111. 14-
11111111111.1111111111111111113111111
&tantm 141111. 111 1141111144 11111141 1 111 1111114 1. 11114144.
1111111411 ’,Γ 1111· 111111111111110111· 1111

ss 169 11· 1. 1173 (1144141141 141111111. 1. 1114114141 nn 1114114141
1

11111 b· 111· Sozam. Duo 1. (1114, 11114111 14141 114 4114441111.
4. 3114441. 111, 111114 1 114. 1. 1111114 1114114 1. 141414,
§bitin 1. (111111 1141111144). p. ‘2⁶03 1. 1186 (111. otto 4. 1114.
11111111111111111111111
84111. 1. 1411. 1. 4.,111141 1111411 111 1411 1411111 1. 11461
44114, 11114111, 1114111441, 111114114114, 1144144141,
6141114. 1141414141, 1311441441, 6111414141 1. §tum

 

