1 mmm

311111111111. 1111 111 111111 1111111 1111111111 111) 111111 1111111111
3111111 mit 1111111 1. 111111 1111111111 111 1111111111111 11111111
(Q 1-66), 111 1111 1111111111 1. 111111 111111 11 1111111111 (11511111.)
11 111111 1111111 mit 111111111111111 11111 (1.67-116). 111111 111111
11111111, (1111111111, 111111111111 1. 11111 1111111111. 1111111111.
1836. 11. 4.

[111111 11 111 11111111 11111111111111111111 111111 1111 111111111111
111 111111. 1111111111 11111111 111 11111. 611111, 1111111111) 1111111111
ptnvjng. 11111111 1111111 1111111111, 1111111111111111 6 (1111111.
1. 11111 (1111111111 15. 18.. 30. 33. 111. 1111111111. 11. 11111111 .14.
1111111 156110. 1111111111. 141. &pennu 1111), 8 (11ἑ1111).
1ὤωωωώωωηηωωῶω1ω11
111 . 1111111. 111111
(Q, 63. 146. 151), (11. 1111111111 1. 11111 Θ. 110111. 1. 11111111
1111111111111111.1111111111111111111ιὲἳὲ
{.ss339'1?6.”³³2¹¹225¹122{ 11111ιῆξί 181111111111111 (111ἒέ1
1111 1111 1111111111111.1111111111ξὶ 131
mQQQffimfflammwmmfflQ-m
ζῴη. 1. 11111151 1111 11111111. 11111111 1111111111163141.
11111111111111 1. 1 111. Q 138, 1111. 1. 11111111. 1111111111)

1. 14. 1111 Θ. 36), 11111. 11111111 1. 1111 1111 1111111111).
1111111111111111111121111111. 1111111311

1111). 1111111 1. 1111111 111 Q. 41 1. 1111). 11111111 1. ι11111

1111 Q, 4. 1. 131]

111τὲ1ὓ 6111111111, 1111, 1111111111 1111111111 11111111. 1 11111111.

[11111 1111 11111 1111111111 1111111 1111 111 ,1111111111 111 urs
111111 1111111. 11111111111111, 111 1111111 3. 1011-14771
11. 1. .111-0Lvl1; 11. 1. Θ. eLxxvn-cchxxvh 11. 3.
11101οὲ1111ρῇχὲ ἓῠὶῖοῗὶιῗᾶ ng- 2⁰ 010οέ111111οᾶ1ᾞῖ
-111 1111111111 1111111111 11111). 11111 1111111111 111 11111. 11. 11111
1111111111 1111 11111111111311111· 11111111·
104. 104. 105. 131 1111111. 111). 363. 494 11111, ’1111111 11111111
1. 11111.); 11. 3. Nr. 104, 161, 146 (1111111111 1. 1.); 15911599,
ιωηωμωμωΑωηωῃωμωΛψμωΛω,
1014, 1011, 1036 11111. 1. 1111 11111111111111111111111. 33 (11111.
131111111ῗὲ’11111311111111111 ¹3⁷⁹1¹230N¹i2²⁵²0⁹b¹’‘³1‘2⁹33‘”’
11111111111Μ11111111Ἣ1ἧ
, 1111111111· 1111111111· 113· 1111111111

ὲ1111ιατᾟὲίῗ111111 1. 14911 111111. 111 μ’ 311111101Ἥ1111ζ

1111ἆῗῶῌ1ᾒῆἧῇῂῆὦὲέᾎῗὲᾒῂἶ
, 1. 11., 11. 11111. 1. 1111111111, 11111.,11111. 111. (1111.

1. 11.). 11111111. 1111111111. 961. 3011811111. 1. 11.). 811 131111

 

