146 1111111111.

1111 11131606. 111611111111611111, 111111111111,611116111111111.11.
(XIX 6. 113 6.). 1111111, 1661.

31111116, 6. 61, 61161. 111611111116611111111161161111111. 611111,
1111 1111111111 1. 11111111. (1. i.) 41111. 11111161. 1637-1344.

[111. 1. 11. 61. 1 1. 1. 111111111111111111. gom (1.111. 111111
1111, 66. 4. (676 6.) 1111111 1111,1111ι11111ι ummlung 1111161111
1111111611 (6111111 11111111111111111 11116111 111111111111 1111111
1111111 1111111 111 1111111111 1. 1111111116 1. 3. 1631-13411

υ*

311116111111. 1311611111.) 61111ιὶ11111111111111)1111111111161111111111111ι.
11111111161111111111, 111 6111111. 6111111111 1. 111111111161111111 1ι
11111111. 1111111 6 11111. 1111111. 1761-66. 4.

[66. 1: 1111111161. 3111111111111 11111. 6111 11111111161.
1766 1. 1774. 6.17-37. 1111111ἇὶ11, 1111. 111 111111111111.
ς11111111(1313101111111111 11161111111.1306,1376,1644,
1643, 1666,1671,16661, 61111111111, 6111111111. 1666 1. 11141
6. 70-63. 1111111119. 111 611116111 116111 6111111611111111
311111, 6. 4. 311. 1647. 6. 64-36. 1111111111166111111111116111
111111611111131116· 1111111111.
31111111111111111111111 6. 311111. 6366. 1. 61. ιι. 61111161 111, ι.
1663-1711, 11111611. 111 1111111111. 6. 66-161. 111111111111116
Dtbnung 6. 1763. 6114-113. 61111 3111111616 Π. 111 111 11111111
11 6111111, 6. 3. 1764. 6141 fg. (11111111 ιι. 6111111 1111. 11161
1116111111. 11111111. 61111111 ιι. 1716 11711. 6. 161-131 -
66. 1. 131. 11 43 11111 ι. 61111. 111616111161111, 6. 1311-1740.
6. 411-433. 11111111611116 111111111111 11161. munchen,
6. 611161 1715. 6. 416-464. 1111111111111. 1111. 1111111131111111
ιι. 61111 1, 6. 1771-1773. 6. 543-546. (11111111111111111 1111111
6111111111 ber ete. 1111111111 111 311116111ιί66 men michal·
111111111111111, 6. 3. 1761. 6. 563-631. 611111 3111111111 11, 111
ς11111111111111 1111131740 1111. 6. 633-636. 811111. 11111111
116 61.11111111.1.3.1666 1111111111. 1. 611161111611111111.
6. 613-616. 1111111111 6. 3. 1700 111111111- 1. 1111111111ε611111
11161111161111161161111111161111
1700. 6. 011-613. - 66. 3. 66. 1: 6111 1111111 111 1111111111 111
111161111111111 1111111111. 111611111166111161111111, 111611
-1111614-161 11. 3. 31. ιι 41 1111. 6· 6111. ι. 6111111,
6. 12³2-1641. 6. 451-466 2616.. 6. 1663 6. 1751, 1111. 1106 6611
&U 611 61161161. 6. 513-616. 61111116ιθι1111. 1761, 1111. 111

11111131 111. 6. 673. 1119111111 11111 6111111111 116 6111
111631 i= 1111161. 1331111761. ,560-666. 1111111111 116

66166112 1111 1111. 611111111111 1. 3111111111111, 116 11131176
ι. 11. 6.1οι-114.]

1711. 1161111116, 1111111116611111 1111111 611616161111 116 61111

11111111 6111116. 161111. 611111. 1630-36. 611111161311.

ἓιιΙιι 1161111 st 11111. 11161161. 11111111. 1111111111 116 111111.
11116,11111116111111.61 111111111, 111 6111113111, 61116111
11116111111111116 11111ιο11 fl 111 61111111661111111116111111116111
11111111 111611611111111-61111111111. 1630. 1. 666111

 

