146 1111611611.

(661. 66. 1.) - (1). 61116161.) 6116661. 6611161111 6. 161111 611161 661
611666116 61661 6116111616 1611 A. 1617 611 6166661116666 66111611 be·
616111 6611 6611116 6661666616, 666 666 6116 6116611666, 6111161616
61. 16. 611611. 1661. 4. - (Q. 6116166.) 611161 ιι. 66616616661166 616
61116611 6. 6116666616 611161666161-66616 61611616 616 61661. 6661. 6.
· 1161161. 661616. 11161. 6166116 116611111. 8616611 611 6666 6166116111 Actis
6. 1111666111. 611611. 1661. 4.- 1161166, 666616666666616661166166616.
6111116166. Ι11166161.(611616.16611661661. 1791-64. 1 Τ. - 1116611.
0666611. praelim 2. ad 166 66666. 60666611111616666666. 11661.
1661161. - 6111611, 66611616. supplet. 61 contin. (66. 1. 3 6. 4. - P.
116666116, Pastor dioecesin suam dirigens: 666116611661 Ρ11666611666611.
1711. - 6116111111, 661116166666166616. 6111166611. 66. 1 111. -
6. 6111161611, 666 11611111. 666 6. 61. 61161161 6616. 661. 6616 6.
11016. - 1111661 Opera diplom. T. 3. 661. 66111 Q. 66. -· 11116116,
6116. 6. 66161616, 16 6. 611611 61666166. - J. G. P. 1161161, Tr. 16
1616 1666666166 praecipuo 666666 1616161 1661616666 reciproco. - 1166.
6616. 6611611. nov. T. 16. Ρ. 1.- 61161116 11611161. 111616 66. 6. -
Η. 11116111 Diu. 6611666166. 611666. 1716. 4. ·- S. 3. 11161111, 6111666
6661 666611. 661. 611161. V. 66. 1 ιι. 1 (1. 6116111. 661. 6661611111.) -
1661111, 611166 6666 Τ66111. 661. 61166. 1. 6161.- 6166166161116
161). 611 6111111616. 66161116. - 61661. ιι.16161616116116161661111161666
6116 616 11. w. 6. 6166 66161611 61111616 6111116111 61616, (66661116,
16166111166161161. 61116 11111 6116116166 611 116161, 661613. 61.
61161. 66 666116 616 6661111 61111 6161611616 66111616, 666 11118116
6116 61166116 61116 6. 6111116116. 1666. 4.- 1166661611666 6661116661
1666666116Ρ611116 1166616161 06666166. Τ. 3. ··- (1661. 6161. 6. 6111Ε
111616.) Naxus 16166161ιί66 cum 6. R. G. Imperio: 6611611166111111666
66661. 666 611 61161661161111 11666611. 666616, 16161166 1161161. 661616.
1111161116, 6111 6161 6. 61661. 616116. 611161, 6111 1111116616. 61. 6. 611. 1766.
4. - 6. 81. 61. 8161. 6. 6111111616, 61661. 666 1161616 61611111 6116.
661616. 61161111 6661111616 66161616 611666116166161161666 6116. (111.
1611161. 1764. 4. -— (6. 111111161611.) 6111616661661. 11666661. 666 6161
, 1111611166 6116166166116661116116611 6. 611111616 11111116611161166616
1611111611 66616 616 1663611 1666. 61611611. 17611161. - 11111111,
6111161111. 611666161661161. 66. 6. - 1116166116.) 6161111611 616 3166116
11116113.- 0616111 Ser. 161. Boion. Τ. 1. - 6111166, 61611. 6.
61666116. 6116. (6161666161. Brundenburg.) - 6111111 6111616616166161. ’
61611. 6. 61116. 6. 6116611616, 611666. im 61166616. 1166661116. 6111. 1767.
4. - 61111186116111611 6166166666. 61611. 6. 6116. 6. (111166116ιί1
6116. 6111. 1776. 4. - 611111 61611111611116616116611 1166111111. ben
66616. 1. 166111 1766. - 0166111 6666616616. 1166161666.66.1. -
6. 6611616611, 1111611. 6166166116. ιι. 116. 61116666. - 611111
61161 1611161. 6. 66166. 66111. 1111666166. - Pagi 6111116 161616-
166 11616611 616. (in 11616611 111166. 6. 116661) Τ. 16. 16. 16. - J. Ph.
1611666116166. historiam 666166166 661166. S. 11166161 111166166ιί11. 61-

 

