Μ “mm

0111111111 1011111111 1. 11111 11111111 101111111111111181111111 1
11111 011111 11111. 6111111. 11011. 1

,3111111111111111111111111111111111111111111111111101101011
11111, 1111 1111111111 11111111, 1111111 nummos, 111 1111111 111111111111
111111 111111111, 11111111111111110101, 111111 111111 1111110111
111 11111111111111111111111111 111 1111111111 Anno 1544· (1101111
1111. 11111111 1111111 11111 1111111111.) 111. Bonas. 1³01. 1111111 1. 1111.
111111111111 1111111.

§Der 1111. 11111111 1. 1111111111111111111 1. 111111111111 111 11111111. 1111
11111111, 111111111111 11111111 11 11111111 111111111101111 u. 1111111111 1111·
111111 10111111 111111 311111 11111 1111111111, 111111111 11111111111111
1111111111, 1111111111111111111111111, 111 11111 1111111111111111111111
111111111101011111111.11111111 111101111111 111111. 11111 1610. &ebt
111 111111 &tertia 1669.

1111111ςί011 statuum Pomonuiao 10 anno 1660 01 0011111110 privilegiorum
Pomonniao 110 10. 1660011111111111111111111111 110 1ο. 1669 01 1101101111
8011111011ιί11 111111 111111 1101111011 101 1111101110111111 11111111 1111111
611111111111100110011 11111111 1101111. 110. 11011111. Fol. 1311. 11111111.
111111111. 11 1111111.

11111 101111 11111111 1. 11111111 8111111 1110111111, 11111 111 111111111111
11111111 10111111 8111111110, 1111111111 111 1111111111111,11. Adolph Friede-

1111101111111101111111111111, 1111111 111 11111111111, 111 1111· ’

111.1.(1111111111111111111111111111, 111111 111 &trabea 111 ς1111111111 11.

’ 11111111 11111. 11111111 1111111, 1111 1111 111 1. 1111110111111111 (1.3.
S. 1. 1. 1, 1111 11111111111111111. 1111111010. 1617. 801.

11111111 1111111111 111 (1111111111. 1111011. 11 111111111111 1111111111.
11111111011111111111111111111 1111111111 6111111111. 1111111. 1617.
4. (16 ῧ11111111) 111111. 1101 1110110 ab obitu Ρο11011111011111111111.
11101101. 01 111111 801011. Βορ101111111110111011111111 01 111 0111111110. Nee
non 1111 quaedam monuments cum recentiora 111111 antiqua. 11 (1011111100
1010111110 Latina. 1638. 4. 1111111111 11. 6111111111

1111111111111111 1111111111 111 11111111 u. 11111 &buchen 11111111, 1. 11111
1111. 11 1111111111, 1111 111 11111111 611111 111 1111111111οο 1111111111 111
1Η1Μ1ΜΜΜΜ111

1100010110 1111111111. 011. (11111 1. 1011110111 Τ. 6. p. 161 11. 1. 11 1. Reprae-
10111110 010. 111111. A.) 1. 3. 1663. 1111. 1111 Θ. 116.

1111111111 1111111111 1111 11111111. 1. 11111111. 11111111 1. 1111111111 Phi-
lippo 1110 11111111111 11111. 11 ῢ111111 1111111111 11 111111, 1. 6. 8. Θ.
111111101111111 61111 6111111111 111 111111 11111. 1111111111. 1. &trab
1111. 1664. 4.

11111101111111, 10 10110111 δ. 111111. 1111011.11111111111111, 1. 1111111.
6111111. 8111111111111111 &tuf 1111111111 111111 1111111111 111 61111
6111111111 01111111111111111. δ111111. 4.

’111111 1101111 01111010 Boi (10 8110110 0111100101111011111111101111, 1011111

 

