M

1. 8508118. II, 61. 145. 111, 431. 433.
3, 186. 187. 301. 383. VI, 301.
-419, VII, 145. 954. VIII, 395. IX,
mmmmm.Xm.
XI, 79. 80. 111, 16. 391. 1111,
05. 139. 183. 378. XV, 317. 319.
XVI, 469. XIX, 147. 333. 334.
XX6 33. 34. 30. 380 380. 386.-
008118.111, 459. IV, 53. 58.
00. 06. 07. 58. 08. 80. 81. 83. 85.
88. 87. 68. 89. 70. 71. 77. 80. -
3Μωο000.
1434·1434.
1. 8018118. XVIII, 187.
1434-1438.

3. 8008118. IV, Ξὲδ

Iwmmmmmm
V, 188. 384. 380. 888. 31, 51. 471.
mmmmmmm
48. 470. XVII, 19. 91. 108. XVIII,
m.m.mmmmffi
XX, 36. 987-994- 38008118.
III, 480. 481. 483. IV, 99. 94. VI,
mamfflmo.

1. 801 8118. I, 181. V, 199. 190. 395.
m w.m.w,w.m.ffl
mmmmmmn
181. 339. XII, 17. 393. XIII, 80.
141. XIV, 395. 330. XV, 331. XVI,
49. XVIII, 333. 334. XIX, 148.
m.nmwm2ww
III, 469. 464. 468- 3. 800811.
1, 187. 111, 4848

1437.

1. 80 08118 Ι, 181. 11, 38. 480. 487.
ΙΠ, 340. 433. 433. IV, 515. V, 388.
388. VI, 118. 473. 47'9. 474. 470.
478. 471. 3Η, 03. 148. 300. 300.
308. 307. 308. IX, 139130. X,
380. XI, 81. 83. 83. 339. 308. 318.
mmmmmwm
mmmmmmm
xv, 992-99'1. xvl, 49. 50. 01.
341. 470. 471. 473. XVII, 109.
mmmm.mm.w.m
aebm9wmmmm
476480. 481. 483. 484. IV, 96.
wmme.-mw9
I, 187. 188.

1438.
1000οΜ000000
mmwmmmm
03. 147. 358. 359. 880. VIII, 399.

Qm

0000001
386. XI, 84. 334. XII, 18434
XIII, 70. 141. 347. XIV, 338- 343.
XV, 337. 338. XVI, 01. 343. 473.
mmmmmmffi.
-9. 8008118. 111, 487- 489-
3. 8018118. I, ,1ξὲ

1. 8038118 1,49. II, 487. 34439.
434. 430 V, 191. 193. 193. 194.
190. 138. 380. 391. VI, 03. 117.
118. 384. 380. 410. 480. 481. VII,
300. 380. 381. 433. 434. IX, 131.
mewmmm
334-338. XII, 93. 93. 348 436.
XIII, 103. 143. 347. 348. 490. XIV,
344. 340. 348. XV, 339·338. XVI
53. 03. 54. 343. XVIII, 335 338
419. XIX, 330. XX, 27.154. 383
963.- 3. 8010118. III, 489. 490
491. 493. 490. 498. 000. 503. 501
wwwwww
&mmmmm

1.mffl6mmmmffl
333. 016. V, 395. 391. 393. 391
334. 31, 386. 481. 483. 483. 484
0000000
01000000
330. XII, 93. 95. 173. 361. 36
363. 436. XIII, 08. 71. 60. 30
XIV, 346. XV, 338-341. XV
55. 344. XVII, 109-119. XVII
mmmmmnust
mmoezwmwst1
114110.

1431.

1. 8008118. 1, 45. 183. 401. 11, 49
ΙΙΙ, 399. 300. 301. 436. 437.
mmmmmw„
487. 489. 490. VII, 55. 148. VI]
403. 403. IX, 133. 410. X,1
368. XI, 86 87. 310. 330.3
333. XII, 95. 331. 437. mma}
56. 59. 81. 377. 303. ΧΙ3,3
XV, 341. 349. 343. XVI, 5’(3.I
34011311, 33 114. 110. XV]
465. XX, 360. 366. 367. -
mmmmmmw
130.136.137.31,131.

ι.00οΗ0.00301
437. 438. V, 198199. 395. 3
VI, 53. 54. 118. 119. 366. 3
418. 430. VII, 34. 148. 149. V]
0000010

 

