QQW. W

499 0. 449 (011017. 1. 0011. 1969 0. 1969) 499 (101011, 0011.
mmmmmfflffimmmwmmm.
6991. 699 (0110 11110 «10111110110101. 91016011. 1996). 694
(0110 vl. u. Hermann. 1999). 696 (ibt 111 91011. 31110) 999
(9111111111011). 6119111146 (1160) 64 (1969-96). 99 0110
Β11161101011999). 146, 194, 199, 169, 199, 194, 9061. 914 1101-
1101119011. 1901-1909). 991 (waldom- 1. 101011. V. 1906).
994 (0110 .1111 1. ς0111111. waldem? 949 (11016011. 1909). 969
&waldem 1. 901011. V. 1910). 967 00160111.,101011.7. 11.
1911310191ᾔὲῗέ1169911109 11111ἓὲ (61·
704, 701, 790, 799, 740, 710, 796, 771, 797, 790, 707, 617, 911, 990,
691, 696, 966, 961 11 1096 (9111110911. 11. 9611111111. 1994-1960).
6191101111(39116111111111616016618611. 1ἷαο11111α1).
Nr. 99. 999. 9909919. 910. 1110111111 10111111 nod) 011100 911010 1010100
60 6011106010 1. Alexander 60 6011106010101.)

ΗΜ, 91111000, 90101011 161001101, 0110110110 010. Edit. 1011. 0101001·
160 0011010101. 11100100. 1016100. 1949. 4. 47011. 001. 111. 419. 464,
469.

111101016011 1010160901110111001111011 (01690-000111190111-
continens 10110 0011010 06 1101011011 01 110 01160011 11100111 001110-
1101, 010. - - 0111 0100101. 01 1110 (10111101. 011100111101101110010 0110
1000 00010 0000111 0100110 01 illustrante 1011991111. 00010110. 91110110.
1960. 901.

[0. 146 (0. 969. 991. 999 (0110 1110101. 111016. 1999). 966 (060 101111.
119101601101011) 990. 991 (111011. 160101. 1949)]

00010111, 9101111, (111 9111111101 0. 91111) 0. 99-101.

0001011, Ad. († 1906. 001. 91111119 91101. 1.9011(60.611111109011.91. 1.
ὅ. 999 (0.), corpus 11110 publici. 8.ss J. G. 4 Τ. 1101. 1907-1910. 901.

(9.1. 0111. 1. 91111100111 8611111119111111111 1. 61111101,
61010111 111 6101. 1111 1310161111 *mm
0111111111 31. 91011101 91011. 0. 91111111 1111 b? 1011101061 81111101·

111011111010 0116101111 91011111 0. 1619-1649, 6191011ἕ16011101

1. 1111111161. fir.. 110 91111119101100 0. 0911011661. 91111 11 1. 9.]
011 Omne 0011111111 01111111 0110111011 D. 00110110 01011011 (91699).
0011901111111110 11191016111110119011111, 1101 (11 (1111011110 11,
9111101111 006001, 001 01111100 111 0101011101οα, 11191011 01
91111111, 011 0101116011 8119110111 911011, 1111 0110· 111 hm·
(0111111, 100 nom 0111101101 01111111101011, 111 10110 011101011110001·
01110101 9110111101, 110 aust 0001101111οο 3111, 1101111 011 0101110001
101. 9116111111. 1696. 901. 1101.11110011111160111111.00111111
ῂᾶᾶωω

111611. Q. 661 1111. 01110 1111111111 61. (9101111110111110111.
166 1 b 10111 Mau Β 9
6. ’01ζο1 9110 3} 1116010. 66160111 1011111010 ’10060νὲ
1606111111991*.10160796111111160990
11111116901101111 11801101011 1619. 0. 111 900111. 91110. . 191

17’

 

