Qammtnnssm. 53

Rufa, 311. Sat. (11131101111111111 11111111111111111111111 8111111
1111111111 1111111111 1111111 1111111 3111111111, 111 1111 11111 111111
11111111111 1111111111 (1. 1011-1713). 6111111111 1111. 110.

[1111. Νι. 0. (1101)Ι 1111111111. 31111; 1111111111 1111 11 1113111111 1111
11. 111 111111. 3111111111) (111 13111101 011111. 111111.- 11. 111111
, 1111 fut: 111. 9111111111. 1. 011111111111 Ν1. 304 (1333) 1. 111
11 11111111 1. 1111111111
131111Ϋ111181 Ν1. 301 (1333) 1. 10111111. 1715113131] ³

61111111,1111111111111111111 1111011111111. 0111111111.
6131ιέ (ξξὲἓηῧ1111111111111110111111111 (611111. 1. 10111111 1341 (11.)

. 10. 011111 1111111111,0111111111,6111111111116303 1 1.).
§egenen 11111 (1. 1. 8. 1133 1. 1131 111 Q 334, 1. 1310 Q ³9⁵⁰, 1.

1111 Q 1111. 1111 01111. 1111111141 11. 1141 Q 111, ,1111
1. 1300 Q 399). Q 393-300. §- 30. 011111111111111111 ( ,333
111.) 1111111111 1111 (ὃ 1310 Q 403, 1. 1. 1301 Q 404). 11403-404.

. 30. 111 11111 111. 1. 1. 1. 111101 111. 11. (1. 1343 Q. 431). 1. 33. 01111
111111 111111, θ111111111 111 1111111111 Q 133111..,11111 111
1111.1.3..1001-1303 (111111111111. 111 11111. 1. 1111. 111
111111 11 1111151111)1111ἕὲ1111111111 '3³33‘
113111111111111116.0031111. a 1111111) Q ’103 11.)

1. 31111113 111111. 3111111 u. 1. 11. 31. 10 (1111). Q 331-111.

bfflss. 1111111111, 0111111111 111 0111111111111111111111.111
1111111111 111 3111111111 111 11113. 1300]

Am Αωᾱοπιί1111111111-Ρ11111111 historica. (7 1111. 111111. 1700. 4.) 011.

Β. 5111111111, 1111111 1111111ὴ albin 111 111111111111111111111
11 111.

1)311111111131111111111111111111,1.(111111111111111111.

31111, 311. 011. (1003 1. ῧ111111111111 111 1111111111 11111, (1111111 1.
1111111111 113111, 1111111111 1111111 113 1111111111 111113 fist 111 11111111,
3111111, 111111, 0111111, 1111111, 1011111.. 1111111111. 11111111 1111
11111 1111111111 1. 1111111111, 131111 11111111 6111111111111 1. 1111111,
111 11 1140 †. 1111. 1111. 1. 1. 101111 11111111 1111111111111 1111111111
0111111111. 1. Q 303-311), 1011 11111111 1111111 11101111, 11
1111111111 11111111,[101111111101111101111110111111111111
111 &stuvene 11111, 111 0111111113 1. 1111811111, 11111111 1. 011111 111111
capitulationes, fflcldyflsssbftbiebe 1. Conclusa, Dfinabtsub 1. 1111111111 1111
3111111111 1. 1111111111 81111111161111111, 11111111111111111101111111111·
111110· 01111111· 1111111111 &merianus Executiom· 1111111111. ς11111111·
0111111111, 111111 111 1111111 ι 1111111111 1. 111111 111111111011111111111,
11111 11111 1111101111 1111 1111 Anno 10031111 1111(1111111,11.111 dato
1111 1111111111 011111111111111110111111111, 11 Quam 11111111 111111-
11111111. 0111111111 1. 111111, 113111111111111113111111, 11111111
1111 Qum, 1111 1111 11111111 1111111.11111111111111111111111111

 

