188

1111111. 1. (11111111. 3111181) - 011111. lonii· 811111 11. luder
(1111). - Ghron. 81111111, 11111111111111111111 1111111111. Reum 11
notis illustr. 11111. 1111111111. 11111. 1111. 4. (1111.) -1111111111
1111111111Ξ1111.11111. 1111 111. 1. (31111. 1111 1111. 1111, 1111 11111
11111 11111. 1111111111 1111111. 111. 111 11111. 1111 11111111. et. 511«.
1111 1 1111. 31111. 111111111111111111111111111111.11111111111111111111,
11111111111111.111111111111111 1. 11τῷ1111111.) - 011111 111111ι
11111111. Τ1. 1 1. 1 (1111. 11111. 81111111 11111111- Oodex 0111-
11111111 1111111. 1111111. (11111111111111. 111 1111. 111111 1111111111
- 1111111111 quorundam statutorum provinciarum 1111111111 (1111111111
11111111111111111. 1114. 4. (111111 11111 {ubetem Privssegium 1. 811-
1111111111 1. 1111111 111 61111 6111.) - (lominus, 1111 floign- d'Ar·
111111, chronique 111. Edit. 1111. 11111. pn honglot (Londr. 1141.
11111. (11111.) -· Gompto Rondu 1111111111 (11 11 ommistion- 1105.
(1·11111111111111111111111111111111. (1111111111. 1114 111.) 1144. Τ. 1
1. 1141. Τ. 10 (11111. 111111). ·· Contuli, J. 1., 01111111111111
11111111. 8111. 1111111.) - 1111111111 0111. Τ. 1 (111111111311
111.) - (1111111111, G„ 111111.1111.1111ι.1111-41.14Τ.1ο1 (1111)
11111.) -1111, 1. 1111111, 3. 11., 1111111111 111111111111 111 1111
11 11 1111. 1111. 1111-11. (1111111. 111. 11 1. 11111) 1111111111. 11111111.
1111111113. 11. 1111111.) 111. 1111. - 11111111, 11. 1111, 6111..
11111 1111111 111 1111111111 au {adm 111111 1111111111111111 111 11111
1111111111 11 111 111 11111111 111 1111) 11111111111 111 111111. 3111111 ⁴
1161. 4. (1111. 11111. 111. 11111.) - 111111 11111111 1111111111
311111 11111 (11111111111111111 111111111111111 gu 111111 11 1111111111
11111111 111 11111 1111111111 11 111 1111111111111111111111111111,111
aud) 8111111111 111111 111111 11 111 1111111111 1111111111111 11111111
111 111111. 11111111 111 1111111111, 11111111111111111111111 111
1111111111 1111111111, 111111 (11111111, 611111 1111111111111111. 31111
111111. 1161. 4. (1111111111. 111111.) - 11111 1111111111 111111
· 11118111111111111111111111111111111111111111111111111 1¹¹ 111111
1. 111 1111111 11 111 1111111111 111111111111111111111,1111111111 111111,
111111 1111111111 111 1111111 1111 11111111, 11111111111111111111111111
111 (1111111111 1111111111111111111111 111 10. 31111. 111 11111 (1111
111 11. 31111. 3111111. 1111. 4. (1111111.) - 111111 1111111111 6111·
1111 3111111 311111 gu 111 1111111111 111111 111 11111111111181111
1. 111 111111, 1111111111 111 1111111111 11111111 111 1111611111111 111
1111111111, 11111 1111111 8111111111 11 111 1111111111 111 1111111111 811·
111111 111 1111111111, 111111111111 111 1111111 1111 1111111 1141. 3111111.
1111. 4. (11111. 11111. 311111. 11111111.) - 111111 11111111. 61111111 ’
111111811111111111 1111111111111111111111111111111111111.1ι1111111 7
1111111 11111111 111 1111111111 31111111 gu 1311111111, 1111 1111111111
’ &fulgurum 1111111111 11111 11111111111111,1111111131111111411.
1141 11111111, 11111 111111111111111111111111 111111 6111111111 11·
11111111 1111111111 111 111111ῡ111 1111111111 1 Otto 1111111111

 

