.-—-——-·---—-—---—-—-.-.-„- - -— ..

6111116. ’ 111·

166 66111111111111111111111. 1. 1646. - 190 11. 199 761. 1111111. 111. Ι 11.
111611 1611 u. 1616. - 166 611111. 1611. 1644. - 1661611616 -·
11611. 1666. - 196 1111111611 1. 1661. - 906 91111116116116111181.
, 1. 1666, 1660, 1660. - 907 111111, 11111 1111111. 1. 1646, 1669, 1666.
- 906 1111111161, 1111116111111111 116 36111111111ῦ11116 1. 1646. -
9161111 6111611, de 111. 166111. With. 111 1641, 1646 611, 1661,
1666,1666,1661,1666,1666, 1666, 1661, 1661, 1666, 16661, 1611,
1673, 1674, 1675, 1676, 1879, 1683, 1684, 1685, 1686. ·- 114 116)
, 8111111111 1111111111 611111. - 916 Qud), 111111. 11111. 1. 1. 1.
(11111. 1. 111. 01. 1166 bell. 6. 1661-66. 1111111116 1. 16661, 1666116-
6661111111. 1666. (1111111111. 1666. 6111111116111111. 167911. 1676. 6116
11. 111. 91111. 1679611111. - 994 11111119 δ111161111.1.1679.-
997 (6111111) Memor. 0616116611, 6111. 1. 11. 611111 1. 1660 11. 1674.
- 996 111. 1. 1. ὓ. 1. 1644, 1660, 1669, 1671. - 931 61111. - 964
01111111111661. . 1667, 1669, 1676. - 936 36111, 1111111. 11611111. -
966 6111111, 1611611. 1. 811111. 1. 1669. - 96611111111,6111111.1.

1666. - 940 311111,.1611111. 1. 1644. chron. 1. Β11111. 1. 1669. - 941
6111611. 9111 1. 1666. 69611111, 611111. 1. 1666. 11161111, 11111111.
1 61111111 - 94611611661161. P. 1111111116 . 1. 1679. - 9451611Β111166.
, 111. 6. - 946 1111116 1. 1661. 1. 1161161, 1116111. 11111111. 91. 6. -
160 61111111, 1111111. - 9691116186611 1. 1646. —· 963 16166.

- 965 11161111. 61611111. 1666. - 967 611111 061111. 167911. 1646.

- 166 01161. 1660. - 166 9616.. 116666. 1111. 1· 1616, 1666, 1666.

1660, 1679. - 961 Dogiol, 000. dipl. Pol. 1. 166711. 1660. 191111. 1.

2 1660 1. 1666. - 166 Dum. 1. 1616, 1666, 1666, 1616. - 116 911161
. 19611116.1660-66.811111111.,1111 ,116111 ,1666,-9676111111,
1 11111111. 11. 01. — 966 1611111, 1611 11. 611111. 9101. 1. 1666. - 970
6111111 1. 1661. - 974 6116111 1. 1641. - 976 (1111111. 1666. - 979
11116111 61161111. 1. 1666. - 960 11111111, 6111111111. 1. 1647 11. 1666.

, - 969 116111. 1. 1664. -· 967 81611611 u. 611111. 1. 1666. - 609 9111·
, 1111 1. 1646, 1649 111661- 606 1611111166611. 61161. 1. 1660111661.
- 606 61111, 1111111111. 31111. 1.1646.-609166661. 1. 1646 11. 1660.

; - 310, 311 1161916011111111. 11641, 1647, 1646, 1851, 1669, 1666,
16661666, 1661, 1661 611, 166ο,1661,1666, 1664, 1666, 1666,

1661, 1666, 1611, 1611, 1611111, 1616 111., 1611611.,1616,1616,

1616, 16161666, 1661, 16661611, 1666, 1666, 1661, 1666. - 61191.
11111661661611111. 1646, 1666, 1611, 1611. - 609 11111) 11711111,
1616116616 1766111. 1· 1611, 1616. 1616, 1611, 1616. 91111116, 161616-

616 611111. 111. 1. 166011111111, 411.1611111.1161161. 1. 166111. 1666.

- 610 (911611111111, 11111. Ρ1616116. - 311 (9116) Lond. 61111111.

1641. ’1111161 116166. 1. 1664, 1661, 1666, 1666. 1616, 1611, 1611, 1616.

³ - 619 (9116) 1111111 1. 1113. 1. 1676. - 616 11. 19111) 11161611 11116
1 ,1666, - 616 916 1111161111. 111161. 661111. 1. 1611 u. 1616. - 616
61111111 1. 166091611111111. 31111111. - 696 11111111, 11111161.
,1666111666 - 696 111111 11 11, 111161116611111. 61111. 1. 1667, 1679

511, 1676, 1679, 1686. - 697 111111. 1671. 1116111611, 01161. 61161.

ἓ. 1666. - 696 11161111. a. 11131 1666, 1669, 1660. 1111611116111.

111616. 1. 1646116116 1. 1646, 1661, 1661116711.- 661 11616661, 1111.

11116116 1. 1661, 11676, 1681- 36916166616166166. 11111 016166 616.
1165116166, 1673, 1679. - 333 1111191161ιὶ 1165111656, 1657,1658,

1660, 1661. - 664 1111111116 11611111. (1111111. 1. 1666, 1676, 1679. -

· 66716161111611166116661679. - 669 61161111 11. 1111111 1.
1676. 61111116 , (1611).111.(1111.1661.1. 1667. - 340 6111111111,

¹ corp. Jur. 3061 6666. 1· 16111661, 1661, 1661, 1666, 1611, 1616. -
6491661· 111611, 11161. (1.1’1111661161 1667, 1666, 1660. - 344

ἐ 6111111111, 11111111. 1676. - 94661111611·1.1666; - 660 9111.

 

