5⁰0 61111611.

611111 1611116111 1111111611 1611161. 1611. 1616. 611. 6111. (6111111
6116616. 611166.) ·- Qegenfflctidit, 61111116161111, 11161166
16611- 61116111. 1111611 611 611111 11 1611111111116111661111 1161161111
1116111616111661111. 1616. 801. Ριιι. 6. 6111. (611116.) - 61111·
1111111111, 11 1111111111 1111116111, 11 61611661166111611
1161 1111111 6611111111. 1116. 6116111. (611116. 61111616.) - 611
1111111111111111, 61611111116111, 616 611116 81161 11111 Q 11111111
1111. 6111116 111111 1111111111 ιιι 6161116111 1. 6111111111. 1166.
(6111161.) 11816116 6111661111. 66. 16. 6. 666 11. - &egenam
11111111, 66161161, 111616 11 3. 61611. 6111161111. 1111611 Q. 661111. 1
61161 11 611161161111161116611111611111161116111. 11161111 1666.
-6111111116116111661116111111111111. 1761. 611. (1111111116.) - 11111-
111 11111111 libert. 1111111. Β. 6111116111. (11111616. 11111116. 6111116.)
- 61111111, 611611111111111 111116. 6111161161. (11111616. 616
6111611111166111116.) - 61111111, 6111166111. 61111. 611
(611111). - (1116111, codex epistolar. Rudoiphi 1. 611. 1111111111-
1111111.(6111616. 6111111- 6111111, 11111111.11111111.61“1.6-1111111ς
61611 6 1611611111 1, 61. 4 (6111161 4 (1111161). 611. 1611 Q
166 11. - 6111111, Diplomatnr. vet. 1111111. 3111111116. 6116161116
616.61161111.6111161.);6(111161.611116.1111111111.).1111.166.
16611. - 611111, 0111.111111111.811111116.’1.1-61111111111.6111616.);
1,1-6 1. 6 1611611111 1-6 (61111161 1, 6, 1 1. 6161111161 6
(1111611161 1-6, 1 1. 6 (6111161 1, 6-6 (11111611 1, 6, 4, 6-
6 (16111111 1, 4, 6, 1161611111 1 (61111116611111111111116
1166116611. 61161161111111166116162-110. - 611611, 11161.
· 6116611161. 61116116116111616. 61111116. 6111116.)- 61111116
111111.6661161.66.1 13 (61111616.); 1161111116. 61111161 61111161.)
611616, 11111. 6111111. 11116116. 6611111111. 11111.1.61161116. 6116. 6.
6111111 (11111116. 61161111.) - 1111111111 Anu. stodorbnrg. (11111
111.6111111161111166111111, 6. Porti, 11111. 611111.6111.Τ.16.
- 6111 611161611111611 11111111. 6111111611. (611111.) - 611·
116, 61111111. 11161. 1111161. 116611. 61. (61161116.) - 61·
16161111161116111661111116. 611111. (61161111. 611116.) - 611
161611,111111161., 61161166616611 ι. 61111111 11 1111 (61661116
11 61111111 11611 616161161611116) 611611616611111 (11 m. 111111.)
611116 1666-67. 2 6611. - 1111111111 611111116111111111Ἣ111.611111
Β111111111.(611116.) - 6111111111111. 6116. ι. 6661111611
616.) - ’611111 6111111111. Τ. 1. (11111111.11111111111111.111111111.
6111. 61111616. 1. 6111116.) - 611111,116.61.,11111611616111611 ,
61161611. ³. 6161611111. 1166. 4. (61161111. 6111116. 61111116) -
6111611111, 16111 611116 111 61116111111,Βι1111111111111166111111
· Primitiae, 1611 11111 6111111161 6116116111 bet 111116111116111611111
66111· 1. 6111111 61111111 3111. 1166. (11111116. 6111116111.) 1111. fiai·
1111111116661111116111166.166611. - (1111161111, 61111, do
11111611111111111111111111161116111116-)- 61161111611111161..

 

