888 80111111. .

61161 1616 - 651 7661666666. 1. 1651-6111 6. 5111 - 66111.
1716111.661611.1.1616,1661, 1656, 16561655, 166, 1651 611.. 1656
611.. 1656 611, 1660 611. 1666, 1666, 1666, 16111616,161116161611,
1678, 1679, 1687, 1686. - 667 7111117 51651.1659, 1668.1669, 1687,
16811- 669 7616166. 1. 1677. -· 669 1116 616611116161. 16461660, 1666.
’63116661 165166 1681’666 6266661· 166616611 3631616* ““
6661761606. 1. 1661, 1656, 1666, 1661, Ι1666, 1666, 1616,’ 1611, 1611,
1674. - 367 31111. 1. 164618461660, 1064, 1668. - 6771161111. 1.
1676161670. - 67416811116111111111. 1676. - 414, 417 11. 410
11111. 7161111. 1 6. 16 . 1666, 1656, 1666, 1616,16116.1616.-,- 666 66-
16116611, 11111011161661101861111111.- 678ὓ (1111611111ιὲ {twffibcltgffllegg}
6667 766661861οὲ17166166661165188118161616 0⁸16?ss ζ’ 661 6611 ’- 566
1161111611. 1111111.1.1666.- 611. 1111101111 16711 1111111111 haus, 116111611-
bilia 8666166616. 8611. 1749. 4. (111111 61111111 11611101. 11110161. 6111
6111. 16 1666, 1665, 1666 6. 1661. 011. 1661. 161116, 161, 161, 666. e.
781111οΊ Ut 16 60. 7. 6117. 6. 1661111 11611661ρί1 peu ubl.
111. 6 (11116111 011 66111011 1. 11111 0111. 1111161 811101. 18111. 0. r.)

- 1611111, 6111111. 0116111 1. 7110111111. 11 11111. L· . L· P
7171666611ῖο616161,1’16116111166-..61 1

7111. 11 110. 8 0118 61111611 11111 011 061111. 1111111111 111. 111111. 1711116111.
8 61- 135 11111111,8111616 ,1874 - 136 16110611, 8111616681 1116111.
1. 1674. - 197 Vax. 86611111 4.- 196 116111161611611111111. 1. 1 .-
166 6116116. - 666 111611. 661161. ⁸: 1666, 1651, 1656. - 666 0616.
1111111161.. 11161 1.111.661.61·.61111;
- 1

1161. 6. 6111111. - 746 118 06. de 111 Ριίι do Nimeg.
,18781167 - 746Δ11661116,61661611 6611. - 748 6. nat 16, ¹
1111. 6. 1. 710. 6. - 760 71111111171111111 1. 1677. - 764 111
161116 1116111 6014. - 60711. 116116116661111111. 611161. - 610
6611166111. 1666, 1651, 1655, 1666, 1611, 1666, 16561666- 611
81106111 . 1677 11.1679. - 609 (7118) 71111111, 1611 pacis westph. 1.
1644, 1 6. 71111111, Acts 6616 6616116611. publ. 11647711111111, Aet
66611. 611166. 6· 1666. - 61111161 7666111 1. 1611161616, - 611
6611111116611.. 1616166111611..111..· 1
651 1161161611. 1666 - 651 11. 6166161666 . ᾗ. 16561611, 1656,
1687, 1658, 1666, 1677, 1679, 1680. - 366 2611168. . 1666. - 374 (Bb
1116) 7111111111. 11 1. 6111101116. 6111661116 61601. 017 11111118 1675.
6. 7 11. 701 - 11160 (1111111. 016 11111 . 6616611. 1. 6. 714-716;
- 8011116 61116 11161 61161006116111611. ,11. (611111. 1716. 7601. 861)
110. 7 (011111 11111 11016111111111611011111 1. 1641-1684).

6111111011 111 61. 111. 0. (61.1 6. 60. 8111. 717111. 176 8111. 108 601811.
46. 706 6616111 ’8 811116 uad) 661111. 714 11111 Pusond. 716 Στι
1111. 777 61611. 7466111166. (16161). de Nimeg. 787 11611111. 786 61718. 610
66311.1171.16.11116111611176116.6111611.6616.ἷὲ
17777616677777171177 ⁸2:3¹1?ae ι1666ιποΙῖὶι

mn 611 . 116, 11111111
111116τὲιέ 16611111ρί661116 Jo. 0671111116. 1090. 67. (111111.Ρῦ11111 6.

6111111 11, 60111116161.10111.0.611.66011116111611101.6811111167.
611116. 1667. 4. - 11 11116, 66 . 06116611. 111160. (611. 60111 δ. 1471
1. 11. 111 IV. - 6. 61. 10. 1. 111110. 60111 116111111111111111111

 

