8⁷0 1111111111.
56. 171(11111.1.11111.11111. 1. 11111. 1111) 171 (3. 11111. 1.

1. 1311).)

111 11111111. 111111111111111 manhatum (1111. 111 1. 1111, 1117
1111111. 1111161111111. 11111111, 1131 1. 1111, 1111. 1. 111111.
&buin 111. 1111. 1. 1113 1111111 11. 311111. 1. 11111. 111. - 1111.
1111111111111. 1. 3. 1311. 1111. 111 mon. 111111111111. - 1111. 111
11 1111111 1. 11111 1. 3. 1314. 1111. 111111. 1111111111. -11111,
3. 1117. 1111. 1. 11. 1111 1. 3111 1. 11111. 1. 1. 1111111111 1111111111.
- 1111. 1111111111111111 3111111111 1. 1. 1., 11111. 1111, 1. 3.
1111.)

1111111, 1111111111, 111 111 111111. 1111 6111111111( 11111111111 111111
1111111111111111111161111 111. 1710. 311. 111. 1111. 111. 11 (1110).

11111111 1111 111111. 1111111111. 1103. 11. 9. ὓ. 111-117 (1711).

0111111111, 111. 11.. 11111111111111 111 11111111 1111 111 111. 1111111·
111111τὶ11111 111111. 1711. 11.

11111111111·111111111111.1111

mehe, 1111111Ρ11111111.1.ρ. 131 (11111111 11111111 81111111. 1111).

11111111, 1111111.. 11111111 111 1111111· 1. (111111111111111 1. 11111
1111111111 1. 1111111111111111111111111.1111111111111111111. 111111
111111 1111111111 1111. 1791.

man& 6. 111-111. 11. (1 11111. 131111. 111 11111111111111

1). 6.111)111111111’1 utu. 111 11111. 111111. 6. 13 (1111).

111 111111111111111111 111 1111111111 111111 1111311111. 1. 61111. 11111111. ¹
1111. 111. δ. 11 (1111111111 111 1111111111 1. 1111111 1. 11. 11111.
1113.)

0111111 1111. defendo 11111111 p. 11 fg. (1111111. 1119).

(11111111) 11111111 111 111111 &tantm 1. 1111111111111111. 111111. 1717
-61, 19 111. (190 &Q

[11. 1: 1. 11-11 (1111). 1111. 111111.111-111(1111).111-111
(11111111-111 (1111. 11. ³: 1. 1-11 (1111). 111-111. 111-111.
1111111111 1111111 1111111 .
111-11111111·11111111113111110111.111 1
11. 191 δ. 11-31 (1111111111111311111. 17112. 17-111ε 111111· (
ἒῧτὲἓξὲιξ Qu't'g‘ffjgsswtmm' 1111111111, 3111111, 111111111111, ¹

6111111. 3111. 111111111 1111 11111111. 11111. 3. 111111. 1. 11111111· (
11111111). 11111. 1111111111. 111111773-71.11.1. ¹

1. 61. δ. 11 1111. (1111. 1. 1111111. 0111 1. 0111111, 1111. 1. st
1111111111 1. 11111111. 11 1. 1. 1111)] 1

Electa 111111 publici 111 [1111111111 61111111111111. 3111. 1709. 10 111.
11111. 1111111 1111111). ¹

1111111111111111111111 11111111 11. 1191. 1111.. 111. 191. 11 (11.
111111. 1. 1. 11111. 1111).

11111 1. 1111111111.)

 

