0000001110. ’ 508

000000 60001100 010· 0. 0010000000, 0000 1000 000 10000001 (1000000ιο00
1110110100011000000101000 0. (001100 010001000οη 0. 0000000011 vamusim
0101000 10 (0000000101- 0. 1100101100-0110100 00000000000,101100000100110000
’ὓο00000 0001100010010101000 00001100 (01010110ος00 10 010 0001000000οε
1101001000 001001100. ernust. 0. 1100101. 001000. 1714. (0110011 0100000.) -
mmmmm, 111000, Traot. 1100000011αο (01000101100000 mmm
0000. 1110010.) - Το10001 1110100. Ρο101.(“00(1.1)101000. (01101001. 0111000111·
0000. 10000.01001οι1100001000010000100100.) - 800000, 0110000001.
001010010001110010. 1100. 000 11011. (010011. 101100. 0100000. 10000. 0000.)
- 1101 00000 0. 0100001, 6010080000. 11010000000001. (011100.) -
[10010101 1100000. Codex epistolar. 0101. 0000 1100000 (10000. hiat. 010. -
11000111 Iulia 00000. 0011101011. T. 0, 8 0. 0 (0111000 8 0. 8 (0000010
1 (1))00000.); 10. 0 (10000.) - 11000000, moenium 111010000110100-
1001011000. 2. 01. (10000. 110010. 01000080.)-110100000000 00101000.
11000101 100 0110000100100. 01111. ΙΙΙ. (11100000.) - 1100000, 8. 00, 0110-
8000 0. 0010011000 01001010 0000000001. 01111 8811011, 1 00001100 0.’ 88
61000100001100000110. 011. 1838. (100010 88 11011. 0000100010, 0000 100
11011. 0000000000.) - 1100000000, 8010000010011000000011001000000011
(0110010 011100. 0100000. 1110010.) - (110100000.)Η101.001)0000101. Τ. 1
(0000.) ·- 1001000100, 0101 0001010010 Europa. T. 1. 000. 0. (10000000
000 001000 0100. (1110011.) - 1008 0000100000000001100110001100. (10
00000 0. 11101010 (01110001). - 0100000000, 01101000001888), 01000οε
1000 000 111010001000 8000010 0. 8100001000010. 01011. 1880. 01111 110100·
0000. 0. 6000100010. (1110011. 0100000. 00000110110081001081000010.)
··- 1000181011000110010000 Trivig. T. 1. 1100000. (0110001.) - Vin·
010100 0οι10 reg. 1100000. in 1010010181.010000000,01011 (0110001 0100000.)
- 11001,1100.100(1.Ι.(0110001.) - 010101, 1010101110000001. m 1
0. 0 (0100000.) - 0100, 0110301100. 1818.1110.10.(010010.) ·- 1100011
(10000100000111. Flandr. 1000011. Pa, 0. (0110001. 011001 01000010.) -
1800101001 Ann. 1010100001 Τ. 6 Rogant. Pontis. (01000000 1111100001.
100111.(0100000.); Τ. 10100001. 1000110100) - Walthor, singular.
magdeburg. 00. 8 (011100. 0100000. 10000.) -· 1100010010, 111000000οο
Statu· 0. 110001001010010001. 2. Abth. 8. 11011000. (0101001. 1100100. mit„
Bd. 1. 11011000. (011001.) - 080001100, 010100 00 0101000 010101011οτ.
001 000100. 01111101011001 00. 2 (100000 8 (011100. 01101100..) -· mem·
00000100. (0., 010(οί001 01001001 11000000. 0000008000. 0. 5. 01101100.
10011. 18814. (111100.) - 01000, 0000100 80000100101010. 0000000000.
· 11011000 0. 1101100000 00 00. 8 0. 8 (maim 1101100000 00 vm 0.
8 (111100. 0100000. 1010010 11011000 00 00. 8 (10000. 00080. 1000100). -
11000100, Apparat. 01 10010001. 010001οο0.. (0110001 01000018100100000.)
’1101 0000 Θ. 181. - 11000000, (100110. 1000 0001010 0000 10οὥ00·
qm. (1000100.) - 1110001110 1100101001. 11100100 1100001000. (01101001.
011100.) -· werdonhagen, 00 rebus publ. 11000001. 114 (01100. 1000000.)
·- 11001000100, lon. 1000. T. 10. 8011100000 1’(010(100.·00000.)ς 8
01110001. 10000. 01000000.Ι 8101100000 4 (000000. 00001000). -· 8110010,

 

