10 mmm

memwwfflmssfflfflmwffimmmm
169, 161, 169, 111, 1161, 111111111111111, 3111111111111, 111,
111, 111, 111, 111, 111, 119), 3111111 1. (191, 111, 191), 31111. 11.
111-111, 119, 111-111, 111, 111,111, 114, 111) -1111111111,
11111 111111 111 1111111,11111111111 11111111 11111111 111113111 1111
1111. 61:111116116611111116116111111 111
1111111111 1111111111, 111111, 1111111111 11111111111,111111111111111 1111·
1111111111, 11111111111111, 111111111111,191111111111,1111111111,
6111111111 11. 111111111.1[.11.1,111111111111 111 111111. 111111 1.
1111111, 1111 11111111 1111 11111, 1111111111,1111111,111111ι11111,1111ι
1111111111, 1111111111 1111111111,111111111ι1111, 111111111111111111111,
1111111111111111, 11111 [1111111111111111.11111111, (1111111111, Betu-
1111111, 1111111111111, 11111111111111111, 1111111111,111111111111,171111·
11111 1111111111, (11111111111111111,11111111 111 111111 1v. 11111111 1111
111111. 11111111. 1. 111. m. 1111111111111111111111111111 1. 11111,
111111 111111111111111111 11111 1111111 111111 11 1111111 3111111111, 1111
111111161111111111111 (1111111111111111, 11111111, 11111111,
1311111111.,1)111111,1111111111,11111111111 (1111111, 1111
1111111, 11111117, 111111, 111111111, 1111111111111111111,
111111111111,111111,111111111111111111111,1111111111 111111·
111111111.*111111111111111 1111111111·
1111111111 1111111111 111 11111 11 111 1111111111111111111111 1. 111111
1111111111 ,11111111 111 16. Sa 11, u. 111 1111111111 1111 1111111111
11111111. 11111. 1119, 71 1. 1.; 111. 11111111 1111111111 111111. Νι. 67,
71-71, 78-80, 81, 8186). 1111111111. 111 1111111111 1. 11111111 1 1.
Ν1.1311 34; 1.111111111111111111;111.36,67,44;1111111111111
111111.1111111111.;Ν1.8, 13,19,61 61,90,113,117,118, 181,
1111ω11η11111ω11111,
101,64;1.11ι.1.1111111;111.19,771.6.167; 111111111111
Nr.91;112111:11'r.16.16,93, 97; 1111111111 Νι. 16, 11; 11111111
Νι. 16; 1111111111 Ν1. 63, 71, 86, 91, 97, 114; 1111111111. 71
11. 97; 1111111111 Νι. 16, 71, 60, 98, 97, 100, 111, 130· 81111111
111111ι Νι. 16, 47, 553 1111111111 Νι. 14 11. 75; (111111 Νι. 16: 111
1111111 Ν1.97; 1111111111 111 111. 1180· 1111111111 Ν1.16, 61,
116; 111111 Ν1.97; 1111111111 Νι. 97; 111111Ν1.119; 11111111
111.16; 111 111111111111191971.118;1]1111111111Ν1.181.97;
11111111Ν1.16,86,97;111111111111111111111Ν1.1611.791111ε
1111111111. 97; 1111111111 11. 1111111111 Nr. 711.97; 1111111111
Νι. 97· 1111111111 Νι. 16, 861197ς61111111εΝ1. 16, 111111,
1311111911ἓῖῧέ 1161· 3116‘11‘111161111616631
1111: Νι.Ι 11, 119, 112; 1. 111111111111111111 1. 11111Ν1.116,111
u. 119. (111111 (111, 111, 11111111 11. 1. 3. 1111, 1191 u. 1117111,
1111111111 1111 111 6216. 1. 111111 11111111111 111 11111111 7111111111
111111111111111111.1.1]1111111111.111111111111;8111
111 61. 1111 111111 . -11311, (111111111116. 1-1681. 11111111
1. 111111Ι 111111111111111111111111111111111 11111111. 611111 (Θ. 164-1671ς
3 11111111 111 1111 11111 111111. 111111111111 (ὣ. 167-160). 11. 11111·
1111 1. 919-1650. (811111. 1. 1861, 1111111 111 11111111. 111111. 1111111111
11. 11111111. 111111. 1111111111. 1111111111 11711111, 1111111111
Θ. 119-131. 11 1. annunt). Θ. lea—4211. 111. 111 1111111111111
6111111111. Q 419-603. 811111111113111 1111111111, &a su.
11111111). Q, 104-611, 111-681, 661-668. -11411111111, ut uu·
111 111 1111 1111700, 1081111 11. 1188-11991 611111, 1. 1606-

 

