111. mmo. 616

[1111 116 so 11ᾳῦ11111, 11666161161166, Pissaion ιι. 1111111. 6, 6.
6161111161· 111611 6116111611·161·

7111111,361. (isso, 1111161. omos 6611 11111611111111111111111111111111,
111 1161111111 1111111 1111111 8161111111 3111111111. 1111111. 1610. 1.
16. 117 (1466. 111 1111111111 11111]
suoi. (111611, 81611116111111111 ’1111111111 s Voronsso. 111 venezia. 1761.
[Τ. 1: 11666111 p. 16 (1161116161 11116116. 11101]
1111611116 juris rogii Boross. in principatum 111616661616, 111166611111116-
minii, tom possessionis, 616. 116161. 1711. 161.

[Gnoson 111 1111161111 (166 ὅ.) 11111-111 11116.. 111111111111. Uo 111
111166111111-7766 61. p. 54·- 7611. loo-«198, 1111 1111311111
1666, 1616, 16611661, 1161, 1166, 1116, 1111 ι. 1111. 1111111111·
1111111111 61111111 6111111111 oon 11111 1111. 6. 1111111111, 111111. 1.]
86111, 3. 3, 1111111111 6111111611 ῦ111111111116,1161 1111 31111 1.
tage-Bitia 111 61111111161111 611111 u. 616111111161111111116111111.
1111616111 11111111. 11 16111116 111 1111111111 111161111111111111111111
ιι. 11111111111111111111111, 111111 u. 111 1111611111 6111111111161111·
111 11 1111111. 111 1111111. 661111, 11 16611 11 81111111 111 1111111311111,
66111116 661. 11 6111111111, 111 11 111 1714. 3111, 611 1111111
111111511111116116, 1611611111 11111, 1. 1. 16. 11111. 1714. ῦοῐ.

[Q 64 (1111. o. Otto 11111111. 61116 Londsb. 111161. 6. 1. 1111111. 1111.
1761). 661, 666, 601 13611111 (116111111111.1.181111. 1566. 15641]

mi. 3ο, 1666616611 inediis 16161111616166161116111, 1116611116 Β16111666111111.
1116111611. 174111. 1.-1, &i ‘
[1. 611 p. 117 (1111 noo). 166 (1104). 1116.]
mint, 361, 1111111. 1111611111. 61. 6111111111. 1664). ὕ. 611 11. 111111. 6.
111. 7. 6. 17711111. 1.
Quini, 361,(161611111611111166111116616111. 5Τ. 11111111. isso-185⁷. 11. 1
ogi. 11111 11116111.

113111111111111111111111111111111. (11111. 11111111 11. 3. 1116-1166.
11. Τ. 1: 111. 14111. 11111, 15 (1.15111, 61 (p. 116), 6611166), 161
1111111116 6111111111·1 611161
(o 121 16). loo (p. 166-114), 116 (p. 161-161). 7. s: 17116 (p. 61),
1011171 111. so (11111111, 111 (p. 166-161), 116 (ρ. 111-116),
161 (ρ. 116 m), 161 (p. 116 ogs]

8111111111 &memmius 311. 111111. 11111. 1161. 6. 1111161111 11116111,
1611111 11111 11111111 11111111 6611 6111111111 1111111 11161111111111·
111 11111111111111111111111111111111 61116111, 111111111611 6. 1111161111
6111111111. 1764. &oi 1111.1111111(111.11111111161111111. 1151).

1161111111 111811111611111111111116 11111111 11111111 1111111111111111111
11611 1111111111 ιι. 1111111111111111111 11161116111111361111111111,
611 1116111111 11111111 onustes 6. 1111111161, 111661111111, 1111111 611
1161 161 6ο. 1111. 1777 1111111111 611116111111 61111111111161711131·
111111111111, 111 bossionensis 111 111111611111111 11111, 6111111111
1111111111 ianoe 1111111 11111 3111111111. 11111 61 1111111111 11111101·
1611161116 1111111111. 1116. s

 

