563 3111113111

311111111311111111, 111 3113111111 1991, 1999, 1300; 311 (1111113111
3111111131.311131111111.ξ1. 1301; 311 1111111. 31111111, 3111,
3111311111 1. 311111 111 31113111111 1113113111111306, 13011,
1311,13111317,1913;3111111.11131111 1. 3111111 11. S. 1319; 311
«111111131111131111113111 1. 3. 1337; 113111) 311 3111- 3111 111.
31371. 311 111111. 1111111113 1111111, 311 31111111 11111111 1111111111.
1111311111311118111111111111111113111 31111 111) 11 1111111 313111
11131111111111111111111111 1111111111. 311 11131111 11111111 1111111
31111111.111130311111311’1 (111. 1111111111. 3. 11111111. 1. 33. 111.
11111111), 1111 1111. Nx. 111. 11111), 1111 (111. 11111111), 1111
1111. 456. p. 3731, 1317 (11111. Nr. 433. p. 101), 1318 1111. 113. p. 426).
1319 (111. 533. p. 448). 1111113111 1111111311 111) 111 311 1111111. 11-

’ tom. (1. 10191 1 1111. 11. 1131111 1. 31113111. 1. 8. 13591111 &tm
111111 111. 11) 11111 111. 1039, 33. 3 11191 3. 911111. 1. (11111311311111
311 111 3111111 3111111 11131111 11111131111, 11 11111 3113 1. 311 1111 1
1111111311 3 11311131131 1111111111 11111. 1113 1111 1111111111. 911111. 111
3111 1113111111111311111. 111111. 1111111111. 1955. 33. 31. 11111
311111. 311. 1111111111 111 11. 111111. 11111111. 1351. 33. 31. Q. 91-
34. 1. 311111 11311. 33. 39 Q 55-31. - 31111) 311 3111111131 111
31111111, 111111, 111111, 311111. 311111111111311 1111111
111. - 31111311 111 1111 311311311111111 1111) 311 111111311111111111
1131113111 11111 1111111111. 3111111113 311 111311111111. 11111. 111111
1111111 31111111 31111111 111) 1111 1111111111 3111 1113111111 111111111 11111.
1111 3113111111 11 1111111111 u. 11111111, 111111 1111 3113111111111
311111111, 311 11311111, 1. 31111111111.1.11., 111. 311 1113111111,
1111131113111 1. 1111111. 311 1111111 1111. 111 1. 11. 11361111. 91);
311111131311. 1111111113 31111111113111 1111111111111. 311 3111
311111311111111.11111. 1111111111 1111 ξς. 1500, 1111 1111111111 311111
3111111131111111111 1111311111 1111111111 3111111111 11111 311 31111
31111111 1111111, 933. - 3111 311 1111 1111111111 3111111111) 11 111111
111 1111111 111311111111. 11111. 3113111111111 311 11111. 3111111.
311111 (1. 913-1009), 111 3111111113 11111111, 1111311 1111 11131111
1113111111 31113111111113111111111111; 313 1111111 1111 3111111131
1111 3111111. 11111 1111111111. 111 11113111 1111 1111111111. (113111) 111ι
11111111) 311 3111131111311111 11 3111111 111111 11111 111 311 1111311·
111111.

Liber 1111111111 111 supellex 1111111111 111 summa privilegiorum 11 sylloge
diplomatum 1111111111 1111111111 111111111111 urbis (1131111. 11111.
111101311ίὶ1 1111111111 11111. 111 11113. 1300, 111111 3111111111 31111111
1111, 1. 11111 11111, 111 111 1111 1111311 11111111311 1111311 1113111 311·
11111111111100). 311 31111111 311 31131 31111.

9111111011, 31., 0111111111111 111311.1-1134). 31131111. 311. 31. 111·
111. 1111111111. 1353. 33. 31. Q 336.

3113111111111) 111 1311111111. 11131111. 11 311.,1)111111., 11131111.
11111111111111131133111111111 1111111 1131111111111 1. 3111111 111

 

