1111111111.

11991111919111911111.1911591.. 9) 1 9111191191 91199 111199
ἓ111991191119, 1. 9. 1979- 1496 991 91 95). - 99. 9. 1919. 1111
111191 119 149 91911111. 11111. 111( 1593 ιι. 16461911. 9111 1 1191
„Privile' um exemptionis por Dominum Bonisacium Papam 11111111, Ec·
clasiae 9111991191 concessum!¹ 911 11911 1111. 9. 3. 1646, 11119191
9111119191 111 (119111 11919 9 91119119. 9111111 9.1994.1111. 9191111)
11911111. 911111. Ι. 9. 91191111.. 11111. ιι. 1956 1119. 9911919
1119111119111111913599111919 - 999191919111.
91999-1599111191111 1111. 9. 191711. 9991111111 919 9199·
11991111, 111119195611191119 11119, 911191. 11191119.)

4) 91111111· 19 911, 111 9991119919 911. 76, 91111119111111 91111 999911.
11199· 99111 ,11111111 691191111919111 11119 91119111919111919. generale,
11919 1119 diploma, 11 111919 19 111 111 9199910911. dipl. Pom. qebrud=
119 ’19191911 1191 11111. 911 111 111919111 Tomis 9111191111. Ex biblio·
1119111991.01111911111119“

[911191991191119 1191991111 9191111, ,119191 119 91111911119 111999
91119199111191 9119 19190111111119111111919, 191111 ,91111919 991..

191111 99111111ξ11. 31119 1119 911111. 1919911 9119991969 11911191.

191111 911111 1111 qunqe 91111119 19· ,111 1191 911 111 91111119 919111,
111119 91111119111111119 11991911.-91991911999199111
ἃ191911111111191191119919, 91191111919911μ- 91999, 1111111
91199, 11. 1979- 1999, 1919 911979111111. 99 )ι.19111 11111. 9191.
111111119911191111111. ”s 1191913 1111 ’91131 111 11
9114911111(11119799911111911111191199119195911.
9911919.,1 ιο.1491-14598111659191111111111.9.14991119ἐ1· 1
9111919111199111119 ο111116111919191 991 19149511191 5911 91. 1199799111
1,-1599 19999199.1,1.9.9ιι9191.,9ο.ι991-1959“, 191199 91. ¹
6911111((191.1111.1119119.9191119911915911199199111,1111191 919
,91199919191111191919111911 991 911191 11999111, 11911 9111119 ,
11911 ,99911119 111191 9919 9119· 191. 191 1111. 9. 1555), 9191. 9, ιιι.
111911191Ὶ1551-169911919. 191 119 91199111. 1919111111. ,
911119919991.4711111.919111111119191199111111191191111 q
911111,199191111111119911919911111 191111 119911119 91911 119191 q
(19 991911 19991.19911.))1.11119159111111.11964991191111. .
11191111 111111 11111. 1111 911 11911. 9. 91111191. 9919191111, 11111.
161191991991991111191,511111.9.1659,1669,1679,16711.
ἐ6919ὠ 911911911111119 119119 1111911119, 11111. 91699919 9111·

t 1

5) 9111 99911191· 11 911. 111. 46, 11991191111911 911191119119119111111,
9111 1119111191 91111 119 91111191· 99911 ,9111111 09919191 191911111111·
91919 1111119119 199 1111911 911919 9991911919 91911111. 19911111111111· ,
191119, 11 999· 19 1191 11911. Tomi 11 11 seqq. Codicis dipl. Dregeriani ι
1111111919·9111919911,1191111111ι99119111111,111911199191,19119 ¹
1199119111 9111111111111 5911111. 991 91111111. 911119, 911 1979-1994; q
11111. 9. 19491111111911119 91991911111. q

9911919111911,111191.·111191.41.991111199919.ι

9111 1: ,1119191111191911191 1919119169111111191911191911111111111
...91 919191119919 1119991 911) 119119 11. 1111199991 911911

1191111191·11111119111111111191111111911999 911 111 1. 91111 1911·
1111191191199. 11119, 9. 9. 1995- 1999, 1. 911111 119111119 9111, 1

1

 

