1111111111.

vitatis Landosperz. E Copiario 11111111. 111111νὶ eiusdem (9111

0111111, 111111 1. 1 11111111111111111111111111111 11111 1111111 1111·
1111111111 111 1111ὓ11111111111 11111111111,111 11 11111111 111111111111111
,1111111111 111 111ῢ1111111111111 11 111 111111 11111111131111111
1111111111111.’Ι 111111. 111. 1111111111111111111611111, 31111, 11111
1. 11111111111111 1111111111 111111111 111 11111111111 11111111111.,1ἰ1 111
11111111 11 1 111111. 1111. 111111111111111111. 11111111 111111111111
1- 6111111111 1 1. 11111111. 1111111111 6311-40. - 11111111 1111,
Nr. 101-131, 1. . 1157-1596, 1111 111111111111111111111 1. muz
1111. 11111. 11111 111 1111111, 1111. 111 &t 11111111τὲ 1. 1. 111. 11.
1111 6111111111 ,165-111. 1.1)111111111111.1111-11111
1111111111 111 1111111111 1. 111111 1111.111-111131111-1111.
11111111 111 111 11111111111111 . 111 1111111111, 11111111111111111. ί 111
11111111 11 11111111111111 1111 [111. 1111111. 111. 140 1. 143] 111 111
111111111111111111111111 11111 11111111. 1. 111. 111111111. 111. 111
1111. 111. 141-119, 1511· 1111111 11111. 1111.111“111111,11111111, 1111ι
1111111. 11111 1111 11111. 1111 1. 6111111111 1. 31111 1111111111,
111. 151⁸ 1, 1111 1. 11. 1111111111 1111111111. 11. 1111111111. 1111111111 1111
. 1111111111 111 111111. 1111111. 1111 11111. 1111 111 14 6. 1111 111111

1111. 1111111111111. (11111111 11111). p. 219-278. VI. A pondu
Diplomatarii 1111-11111111, 111 111111111 111ὓ1111111111 1111111111·

111 1 ’1111111 1111.113-114,1. . 1131-1114, 11111 1111111111 1111111

icum 1111 1.

11111111111111. 1. 11111111, 11111 11111 1111111. 111 111111111111
111111111111111, 1111. 111111 111 11111111.111111.1”11111., 111111
111111 &tame 1. 11111111 1. 1111111111, 111111611111.1111 611111
1111111,11111111 1. 11111111. 131111. 111. 16111111 111 1111111 111 111111.
111111 111. 1. 1111111111111. Nr. 151. 111 11111111 11111111111111111111111
111 1. 1111111111. 11119-318. Vll. Diplomatar. Miscellaneam,
111 1. 131111111111 111 1111. 11111111 1. 1111111 1111.111-197,1.3.1195
-1511, 1111 11111 111 111 11111111111. 1111111111.11111111,1111. 111111
11111111 11111111. 11111111, 111111 111 111111 1111111111. 111 11111111.

. 11. 111. 117. 1111. 111 1111111111 1. &i 1111. 1111311 11111111. 111

1111 111. 1111111. 1101. 1941, 111111 111 11111111 1. 1111. 3.
1449,1111111 1. 1111. 1. 1111111. 11111 1118111111 11 1. 1111111111
11111111, 111 61111 1111111111, 111111 1. 111 1. 1. 611. [111. 111
1. 3. 144111 1. &t 1111111111 11111. 16111111 (1111. 1111111111.)
p. 319-371. 311111 2 1111111 mit 61111111111111111. - 1111. 111 (p. 311
-68411 Ῑ. 111111111111 1111ςά111111 icum. 11111111.ο11111111.1“1111111111
Gamerae Magdeburg. (Nr. 1-11, 11. ἓ 916-1161, 11111111 111 111 11111·
111111 ,1111111111111111 1. 1-8: 1. 3. 946-10863 Nr. 10: 1. ,1 11111,
1111111. 1111111111 1, 11111,1111111111111111111111611·
11111111, Θ11111111 11. 11111111111, 1111111111. 1111111 11,
61111111111.111111111111”111,1111111; 111 15111111 1111. 111 ,1.
111111111111,1111111111·111.1,111.1.1.1111111111111ι
pjpie 1. 11111111111111 111 11111 111111 11 1111111111111111111.

11111111111111.1111 11111111 1. 111111, 1111111111 1. 61111111111
1111111 1111111, 111111 1111111111. p. 311-419. 1111111111111111111-
1111111111111 Ι. 111 Cod. 1111. XIV. 11 411 1111111111. 11111 111. 111111.
1. 11111. 1111111111, 111111111111111ῐε ..1111111111 Β111111· 11111111.
111 1111111111, 11111111111111111111 1111· 1111111333-
11·11111111111111111111ῖῖ1.’111111.“ 1111111111
1111111111111111111111’1111111111
11111111111111,111.111111,(1111111111,11111’1111,111111ζ
1111111, 11111111). p. 411-464. ΠΙ. 111ρί111111. 11111-1111111-

 

