π mmm

11111111. 113 3111. 3111311111 1 Berlin 111111.. 1113 1116 13411111
1111111, 1. 3. 1135-1433 11111.,)11111) 11111 11 1511111111311111111111-
11, 11 3111311311 11. 1313111. 11111

111. (11111111). 1311111111111.)

1511111, J. Κ. W. († 1735), „catalogus diplomaticum (1111) [1111131111-
6111111111κ (11 111 666 111) 11111 (11111111,1111111111’011. 111171 abac
1111 3111111131). 11111111. iu 811, Hs. Bomss. 606 103, 111) 1. 3111191.
1511111111. 1. 1111111.

[1111 (011.. gut 6. 11111111 1111111111, 1111111111 (11111111 156 1111111111
11111111 11111τί11111 3111111, 111 111111 ’11111 {teto 1111 111 3111111111 be·
11111111, bie 3311111111 11111 Im gandent 66. 3111 31111311 ὃητ 111111
1111.311133113.131311111131
1111 111 3161111111 1111111 11111111, 111111 1111 1111111111, ln 111111
111 1111. 11111, 11 311111 1111; 111101 11111111 1113111111 1111111 111 111111.
1113 1. utrum?¹ 1. 3. 1155, 11111111 ein 31111111 116 31111111. 31111111
fut 111 5111111 S. Simonis 11 31111111. (311111, 116 1111111, 1. 23. 3111.
16311111131111119 1111111111111311181111111111.1311.1111111 111.
311.3111111Έ1111111111111111111. 111111 1113. 1155-1197: 10 11,
1ΜῊΜΛ3ΜΜΜ11ΜΜ1Μ111
86 3111, 111. 1500-1566: 66 1111111. 1613-1617; 11131111111111,
111646-1637, 1111. 1111 111111 5111111111). 111111) (1111111111111111
ἕξῐαῐῒεῌοά) 111 31111111 1111. 3. 1511-1530111 1111, 1. 3 11111
,1. 16461. 1673. 311 1 11111 1111111 fid) 11111311111113111111.
1311111111. in 11111 11113111111111111111111 (1. 11111 111111 1111111 11111
111 3111111111 1111311111111111111,[111111 11111111 11111 aud) auf
111 3133111111 116 3111111111111 31111116 1111111111, 1111 111 3111ἒ1111111
{36666666.¹”„‘.¹66::{,³666&36626666526 ἔξθέηξὲἳῖ)
111111ε {igr algefulessttf)(6¹6dh)et63}¹ebibctffiimffitm 113 ,ε [ἓξῖθὲἱέιιῑὲηαῐὶῗῑ
3.)ᾞέῗᾷ’113111311)ῗὲ313ξῖ[ἵέι’.ἱ3.’1ῗέ’ῗὲ11ῗ.1..1ῗὲἑὶἶί
1111111111 3111131111, 111111 66? 1111 3111113111111111 111 18111111

111111111.; 1111111 bin 1. 1111111 11 11111 11111 111111111111131111111
1111 116 1111)). 311113, 1111 1111511111ξ11 11111 1111111111 81111 11111111
11111. 1. 1. 3. 1311, 1563, 1669, 1611 113 3111. 1641, 1656, 135111
624‘5‘666:¹²666566· 3,). ἓ·138133131316931331333
3133311139713·33311313311·3311133331
111111.11111.1111111 1. 111111
1350 in 2 11111, 1. 1355, 1360, 1364 11 3 31111, 1363, 1371, 144311. im
3111111. 3. 1567), 1. 31111311. 1311111111 (191. 1. 1. 3. 1136, 1137
11111111, 1111, 1111, 1111, 1351, 1111, 1441, 1141,1111,1611,1611,
1630, 1661; - 3. 1163, 1163 11. 1650111. 1. 61. 11111111 1. mue 11.
111111), 6¹66). 111111111111 (111. 113. 1263, 1333, 1377, 1650,
1653). 311111. 1. 1311111111 (6331. 1. 1306), 1.111111ῑ11111111.(111.
1111113. 1111111..1311.1111111111111
11. 1664), 1. 1111111. ὓ111111111 (111. 1. 1337), 153. 6. 3111111111 (²³8¹-
amfflmmmmmfflwssQOmmme

 

