99999999. 491·

19. (19919919 on layo 19 991919 1619. Paris. 1919. 4. 9999111919 1199-
99919 Ponet. diplomt.

’19911919991999199191199 919 899119 91 19 Roi (19 9999991991,991191ιι ’9
1199191999199ιι1.9Ι Sept. 1619. 4. (99991199 191. 1111999.)

9999991999 (9999191991 19111999 3999 1119191. 91191911. 999 6999999
ι. 3999 (9999119111. 9119991 gu 99999999999 19 9191119199 999 99. 9199
9999916911 9919919191 99911999 99911911999 919999919191) 19111999 1919
91999 99999 9191999 19 1199119 9991111199 11991. 1999 9919191199 ιι. 91999
919199 9999999999999999 Protocoll. 491991 Berlin 999 9911991. 1999199999
99191919991119991 99999911 11911999. 9999199.19991., 991. 9. 11991. in
1191. 19 9. 991919111999 999991. 999 91111919. 991399919119919999
991. 91199119.

9999119191. 6999911999 9199199999 9919919 1913919199ιι99999919999.
1111. 4. (ι 9.)

1119911911 6. 9. 911. 1991999991199 9999 9999199199991119919 19 99191999»
911199 11999999. 11191191. 1711.

9119911911 3999 9999 9199111999 9191.. 9911991 919 999ι 99191111. 1191919991-
19919 19 9999911999 999 9999 (11999919 19999 999999 19 991 6919991199
99999991199919919119ιις 1191. 991 9. 1191919. 19991991. 4. (1 Q.)

9999191 19119199 15. 11. 911. 19 999199 9. 1919191919.1999111919 199999 999
1119191. 699991199999999919991999 19999. 11119.) 4.

9999191 1911999 Q 11. 91. 19 99991199 ιι. 9199911999 91119199 99999 991
999919τὶ1999 sequestri. 4.

&umatum 19111999 1119191. 11191. 19 99991199 ι. 99919999 99999999
9919191199. 1199. 4. 11 11.)

0199999199 9919991 991 9991 tractat, 99199919119999 99999 1199999 &chme-
9999. 99991199 991991199 9. 91. 34¹1- ιι. 14. 911991. 1199. 9919911999 919
(lession 991 1119991991919911999 9919911199111999 991 111999 9. 919999. 99919.
1790. 4.

8. 11. 911. flu 699999999911991199 991911999119919199991999911911999199
9. 91991199 9919191999 99199991. 6199199199 4.

wate ι911 999999191139111991119911999999ι999.1199.91)111ι
999, 111199 9. 119991 9999991999 9. 1. 9., 61999. 1191-91. 9 911911
99991. 99119111. 99999. 919119, 9. 944-1699, 99111 199919 9999 1199999,
99999 91911911. 9919991999. 919 9199999 9991911199 199191991619111999
119919 9191199119 99999199 19 1919.) - ¹8. (4. 91999911 9199199991 199
9191191991. 11991119.111991.)1199-99. 4. 9 1199. 11911 91911. 11911. 1ιι
91199 9 Eheu, 9. 1119191991 (19999199911., Dipl. Rfigenwald„ Diplom.
Dommin„ Diplom. Δ991991.,919.) - ’(51)- 9119119911999199, Dum·
9999. 91999119. 19991119.. 619911, 619911. 9111911. 1119-99. 4. 9 9919.
(m. 91911. 11911. 19 99. 1-4 9. 9). - 6191199999,919911199191199·
99911993911119911191991119.999-9991199. (9911. 9.·1.) - 99·
1991 9999999. 9999191199111199. (99991919.) 119. 9. - 91999 9999999.

 

