1 mmm x

{2de &cufim 111 11. 11111 3111111 1118 1111111111111111111Θ11111 1
111111,11111111113111111Ἦ11111111έῖ’1”1’1111“111;’11ἷί
11111911111111’131“1“1ἕῖ,’1111113111,1τ111’11’11111.1ῐ”“”’ 1

fflhmt, 311. St, 11111111 Imperii iudo 11 anno uccxhvl. 1111111 11111· ¹

num ucooxffl. 611 1111111111 111 ,1111111ιί11 111111 1111111111 1111111, 8112 ¹
11111, 11111111,1111111,111111, 1111111111. 11. ,11111111 vll. 1146 -1313, ’
1111 1111111111. 13111 6.) 6111111111 1814. 11. 1. ’

[11111111111111111111 11111 11111 1111 11111 1111111111111111111111111111
1111 1111 11111111111111111111111111 11111 3.1831,111ι11111 1111 111111
1111 111111 11111. 11111111 111 1111111111 1111 1881 11111 1118111 1. 1161
-11181111171 6111111 11. 6. 110-184) 11111111, 1111111 11111 1111111111 1.
1814 11111 111111113111 8111 6111111 11111111 zomata. 111311 11111111
ἱ1111ἓ1111κῑ1111111ὒ1ἱ1 ffinssu⁸m‘b⁰³⁰fi² 1111111 111111 111111ξῖ 1 , 1111111 -
,1111111ἑ11,11.1ἰ111111ῒ 111111111111111111111111

1111161111111111111,111111 111 1111 111111111 1111 1811 ffugi& hagan:
11111, [1111111111 611111111111 1111 (1111111111 1111111 1; 1111111111
{Sumit 11111111 1111111111 1111111111, 1111111 1111111 1111

11111111, 1111111111111 1111111111 1111 111 111111111111

11111111111.
11111111111111131111),11111111.111111111111
111111 (6. 841-311). 6111 1111111111 111 11111 1111111111 111111 111 1111
1111111111 1111111111, 61111111. 11111111 111 11111111111111111 1111111
11111111. 111111 11111 1. (11111111. 11111, 11111111, 1111111111, 11111111,
= 1111111111111,11111111111111.11111111
{mmmmmffimwffiwmfflmmfflwwffl
1111111111 1. 11111, 111. 1. 31111111 ,111111111111111111111
1111111111, 61111, 6111111111, 611111 u. 111111 1111111 111 61.
11111111 11111 111 11111 111 61111111 61. 1111111111. 1. 1111111, 11111
11111111.11161.(1111 1111111111,111111111111,111 1111111111,
11111111, 1111111111, 61. (11111, 11111111 11111. 3 1111 1111111111·
11111111111, 111111, 11111,1111111111.1111 111; 1111111111111111111
we? tawfftjnom 9³11&ng ςὲ1τ111111111 11111 61 1
1 · 1 · · 1 “1²
11111111111111111·1111111111111
111 1111 11111· b· ὃ1111111111 111111* 11 „W”
111111ςῇ11111 13111 1. Ι1111111111 J 1. 11111αῧ111 11. 61111111 1 1111111 tf}
1111, 111. Otto 1. 11111111, 61. 1111111. 1. 1111111111, 1. 1111. 111111,
111111,1111111111,111;11111111
1111, 61111 1.111111.111111,1)1111 111 111 111111111111.,111111111
116 11111111.1111111.1>11.1, 111 11 111111111111111111111
111 11111111, 1. 1111111111. 1111111 ,111111111,11111., {a 11116111 1. {Bata
1111 1111·1111111111,111111111111111 1111111 111;
11111 1111. 1111111. 1. 1111111111 ,111111 11111 1111111111
1111ῡ1ς . ἓ1ὸῦα1111ὴ1ε11111ὦ1 α ἱ. 11131111, 1ἑ6ὦ11υ11 11111111.
11.11111..111111,111 .1111111,1.. 11

11111 1. 61111111111111,1111111111,1111111111111.ι11611.

1111111111,1111111 111,

111111) 11.

 

