1111111111.

ψ814411111111μο111111η1 1300,1381,1383,1183(811111)
1370 3711731-33111171111.1333(31111’7.1,1334,1313,1333,1353,
1889 tuith-J 8111111111.1101,1.,13001388.-ί31111’1

1111,1111,1111,1111(111 1.),1111(1111’11.,1 1111 (1111171.””’-
(31111111. ’1388- 3111111111. 138311 1381-3111011111.
138911. 1’888.- 0181181111( 1170, 1181, 1183 (1 11ch 1188
(311111),1193(411111.1,1138, 1303,1310,1317,1331,1310, 1337,
1111, (1411141111, 11111111, 1111 (1 1111111111 (1 1111111111
(411111),1381,1383(811111,)1384(811111)1388(811111 1888180111)
1111 (111111), 1111 iou (.,.,)1111(101111 1111(401’11..-1 011111
J. 1388. - 81111111111.1111.-811111.1111,1. 1300,1388.
1333311131 ,133Ψὲ131ιέ31 11113311113131813
(1111111 1114111181 1111(11111111111 (4 tit..) 1111 (1111111
1888 4111111,1111(1111111881110111101111111411111
(3111.,11 m 1133011330.1331,1333,1283,1331,0 1300, 1344,
1887 1111111,1383,1870’(13111) 83111311111381, 1370
(1 uti .1- 811111111887, 1383 (1 11111), 1383 (3111111 1370 (311111).

-3 111111. 13831 1388-3111111111111300-31111111111
11 (1111111 (1 111111 1111, 1111 (1
111 1300.-1311111411.1191’1.1388μ-31141ἒ1111111.383 -

1111- 1311111411 J. 1188

3114181111 1130ομ-91111111111, 1388 111184111. 1389
11. 1388-11411111111388-11 111111.138911.1388.-
311101111113881.188.-3411111111389.--.«180111119
111388-3111111111.1383311111), 1884(.,811111)1388(811111)
1388140811138718171111 1388 1411117 1370 (.1311111-31111
00(1.1380,1383,1388.-61111111.13’70,113’3 (1137711334,
1384, 1381 ’411111113811383 (8011111384 (8111111 1388183111)
’W 1131131111131133313313331133
(1111111,1114,1111’(111’11.,1 iios (111111 1111Ι 111111111111,
1307,1303, 1303,1310,1311 (3711771 1313 3111731, 1313, 1331,
1111011111)1311,1111,1111.1111(1111..) 1141,1141,1344,
111111111111 (11111111111111111 1111 (111111.) 1111 1’.’111111
1111 (1 u'th. 1111 (1 utu..) 1114 (1 111111 1111 (1 uri J, 1111
(curti) 13871781111138811011111) 1389 (8 11111) 1370 curri).
-3111111181111ω1388 -811111 1387,1388 17111.,1111
(1111111111111111-1111111’.11111111118111111111
1111111111( 11111111 311114 11111111111111111111. 1111 11111113ιιουίιι
1111, 1111411 31111011114131111.1.130011384111141 1111,
1141, 1181 1301,1341,1349,1383; 3111111111841111 .)11.

11111142 11111111 1011111811 1111, 1141, 1141, 1111,.1111111 1111

0. 3111111311 8110111111

3111311114 cicc collectio 4111111111 aliquot Scriptorum, qui in 0111111 biblio·
111111 delituerant: oiim (1888-77) editum (18 3111114.) 01111111 studio
12. 1111111411111, Presbyteri 11 1111111111 Ord. S. Benedicti, congro
111141118111111811111. Novocditio priori accuratior, 1111811111 prope
1111111111 111 11111118801311111 ·- -111111111,1111.1111,311111.
111111111131111 Τ,111141111111(117381. 33111 Parisiis. 1718111.

53131131111131.31113181141(1111831111111411.111111110411,118
118111111811111 111,1,11114111611111111111”.31’1111·

· 11111 1111111118 3111111111. 31.1’111111111’1111 coniicit 311. 111 3

 

