111 81991911. 611

919, 9991999111 1179). 99. 41 (99. 46 (99. (1999991161111111. 1679).
919 (19191. 449. 999 f 9. 119191. 191 199. 919.991(19111.1119 11111.
1094 (9. 1199 (99. (1179). 1911 (.1919 (99. 1977-1999 (9111191
91191119191679). 1996-99 (91911911. 91111199. 9999111919911991911).
111111199199191(1.1111111191911991·
9199...19119-9919,1199..1999
ffi’ffi'ffif ’13331 {3 bfffffbt‘ensshssadssfs vlfflisffi't'ffi'mffibssi
(999919911661911161911119111.1911111111
1911.1911111111111111116 9111111691· 9111· 1111

(6111. 9116119. Qu 1. 1111 . 111. 91 61111. 911991. 111. 119919 11999
1111119 911 9111919999 19191 99 9991111911. 1690). 1909 (9. (991 991911(
1191191 subu& (11991191199).1919 (6111. 1. 911111. ΙΙΙ. 1690). ς119. 141

Θ. 6 (9 9. 911 919119. 1. 119919 111. 911 9911111111 9. 11991911.
9111 99 19 9. 69119111 111 9199119119. 1691). 77 (1691). 16 (9. 116 .
911991. 1119999111). 699-649 (11999991. &tyn 91 (1191191919 99 eff.
9119111111694391ῗυ1911151.1911992129(118“’9Μ1Ὓ9“1111ὓῖῗῗῗῇιῗ 3:
1199 911. 111999191. 9. 69911111 1111. 119991191. 1696. 191. 414 (9.).
419-4991919 9111119911111991911911. 491 (996 9. (1191191111 1.
1191191199 113. 1697, 9119911191199999919191191111191, (11119
919 11911119 1111.) 499199119919991911119 1911199919 9111191119.

(11911111. 1. 9. ἓ. 1099, 1669 9. 1660). 496 1 1191111111191 111. .
11119111 . (11191 1. 3. 1165119 1191191( 9. &t (11919 ὃ). 496 (911 11999
9991. 111 999191 9911919919 19 11119. 9. 99191. 19999 119 1. 111191,
1119911111 1. 9. 61. (119199. 16613. 499 (9. (9111911919. 91119
11111111·,11191911111191161111111119191111
1191111119 111. 991 9119919111ῧ11999. 1699). 517 (1111199 1911. 16991.
617-964 (91999191. 6111. 119191191. 1911. 16991. 169-177 (11191.
9111111199 99 6111911919 1911111. 991 9116199991991 1. 911 11991111
119 11919Ἐ191. 1699. 191. 679). 699-999 (99199191 11999991. 91191911
1119. (111 91991191 ). 790-769 (6919991199 991 1199111111 9. 11119119
1699). 799-794( 1991199119. 1191191199.1700).739-796(9. 11991
9119991119.69911191111991911.1700). 741 (1199191119 1911111111.
9111111199 99 91911911. 1111111999. 1700). 779. m. 169 ὅ. 19 (6119.
91111196111911. 1701). 09 (9. 106-110 (91919199 991 (11191919
91119119111). 111-114 (91191199911111911. 991 691199 19 1111199
1919. 9. 19. San. 1701). 169-197 (919919111911111. 1. Rau. 99111119,
111 919 119 9119191, 911111 1. (19 19111, 1. 119 1111111111. 9911111111 1111·
(199, 119919111991911991199. 11111911, 119 9. 11111199). 6111111 91·
(1191). 197-199 (91111111 6111. 911 11919199111111 91111 9. 1191111.
11119111. 140 (6111. 911 911119). 197 (9. (w. 9911919. 1. 1111111991.
99 919 191. 1. 1701. 9111119911990991. 1119199 1911. 91911191
(9199111111. 911. 1991111. 1. 1111111991. 1699). 939 (9. (6111. 1. &ab
(91, 91119 11911919 99119). 996 (9 111 (11. 6911. 1111119111191.
9191 11191 9. 1701). 417 (11119ᾓ9ἧ11111ᾗ11 911. 9839891193ιῖ1. ’4Ξί 999.
{gzeussftggtssett’ty‘ 111ι 1191111γὶ Quanssflssffbeftft'ffggaehn (ἑ. (9211119981.
19 (911999199111111,1111(1111191911111111
1119. 19911111 (1191. 1704). 106 (9. (91191 1911. 919 1119199 91991

 

