111 , 1111111111

61111111 111 11111 1111111111, 1799 1111111111 noto 1111111111. not
1111111111 1. 1. 6. 111. 1. 1111111. 6. L .

1111111111 11111111 111111 1. 3. 1616. 61111111111. oo. 6111111·
1111111. 6. L

,11111111111111.“ (1111111111111111 11111 1111111 1111111 Fol.
116. 111 1. 11116111. 11 611111.

11111111111111 111 61111 111111, 111 1111111111111 111 1. 17. 31111111..
1111111111 11111111111, 1111 11111111, 11 111 11111111 6111111 1111111111 111
1111111111 1111111111 11111 111 1111111111 61 111111.

1111 6111111111 1111111 1111111111 11 111111 111 1111111111111111 111111111
1111111, 1111111111 6111111111, 1111111111 11111111 1. 1111111111 111·
11111111 61111 111111 [11111111. 16. 31111. 111. Boron. io Qum. 111 111
1. 111111. 61111111. 11 611111.

61111111 111 111111. 61111111111111111 1111111611111 61111111111
1111111191 111. 1111111111, 111 11111111 111 16. 31111. 1111111111 11·
1111111111 1. 11111111, 11 111 uoti. 111111 1111111111) 1111111111. {igi 11·
11111111 1. 1. 6. 11. 1. 6. 1111111111111111111.

61111111 111 11111111 1111111111.

6116111111111111111 11161111 11111111. 1111111111) 1. 111111111111
1111111111111111 111 1111111111 111111. (19 6.) 1111111111. 1111.

6111111111111111161111111,11111111 1111 1111111111. 1 Boe. 811.
1111. 1111111111 1. 1. 6. 111. 1. 1111111. 6. L

= 611111116111116 11111111111,111111111 Βο11111111111111111ς -· 811111·
111111 1111111111, 11111111 11111111 111 1111111, 11111 1111111 11.. i

1111111, 1111111116 ·- 1116111111 1111 111111 611111111111111111111 111
1111, 1111 Muteno 1111111. 11.Βο1111. 111 766 111 1. 81111181111111.
1. 1111111.

(11111111 111 611111 1111111, 1111))111111.11 11. 111, 111 11111111 11111111
111. 611111 1111111111. 1311. 1111111111 1. 1. 6. 111. 1. 1111111. 6. L

61111111 111 1111111111 1111111, 111 11011111111111 werthinonoo,
111 111 1111111111111111111. 11 11111111111111111111. 111 3111 11111
1111 11 111 111. 16, 11111111111111111111111111111111111111.1111111111·
111111. 1. p. 101.

11111111111 11161111111111111 1111111111 mento. 111111. 161111.
1. 111111111111111111. (11111111. 1840 111.) 111. 1.1111,6.117111.1119111.

11111111 111 1111111111 11 11111111 1111111. 61. 1. 6161111116111.
1111111111 1111111111 urit. 1. 111111. 1. 1. D. 11111111. 1111. 111
111111.11111111.111111111. ⁴

111. Borooo. 111. 197, 111 1. 1111. 61111111. 11 1111111. 31111111) 8111111-
11111 1111111111 libri statutorum ooolesioo xantensis por 1111 Amol·
dum Hoymoriok ejusd. 1111111111 humilem 1111111111 ot 1111111111. 111·
11111111,11.1461.1)1111111111111 1 1111111111111 111111. 11111111.
111.1111111111111111111111. o) copia litterae compositionis 111111 111).
11111111.0111111111111110111.(1111111111111111111111 111111 domini
1111111 111 opp. 11111111 oi 11111 vicinio. 11. 11. 11111 1191. d) 1111111111 At·

 

