111. Suum. 111

11111, 111 1111 111111111 11111811111111111111611111. 111111 111111
1111111 11111111, 111 1111111111. 111111 1. 811111.

6111111311. 1111111111. 6111111111111). ,11111111 (11111111111111111111
11111111 1111 1111111111, 1111111 111111111111 11 111ὓ111 111111
1411111111111. 11111 1111 1111 11 6111111111 1113111 1111111111111111111
1111 1111111111 111 111611113111111111111 1111111111 (1111111111 1.
1171-1114). 11111111. 11 11111111111.111111181111111. 1111. 61111111
111111. 1. 1111111. Q. V 11.

[111111 111 111111 31111 111 1111111 111 1111111111, 111111 111 1111111111
11111111, 11111111111111111111 1111111111. 11111111. (1111111111 111
1111 1111111111111 11111 11111111111111111 1111 11111 111 11111111*
11111ὓ11111111111 1111111111111, 111 11111 11111111) 111111 1 1111111

111 11 1111111 1111111111 111 1111111 1111 1111111. 1111111111 111
1111111113 111 111 1.11111.1571,111 1111111 1111111111 1. 1. 11111.

1111. 11 111111 111. 1111 &tm 11111111. 1111111111111. 111111,
11111111.1.111111111., 1. 111 11111 1111. 1111 111 1119, 11111 . 111
1. 1111111111, 11111111 111 11111111. 3111111 &neuun 1. 111111 11111.
11111111111111111111 11111111. 111 1111. 1. 1111. 1. 1111111111. 11111
111 311131 111114ἰέ11111 11111111111111111111111111, 111111111111 1. 11111111,
111 - .

11111111, 111111. 1ὓ1111111111 1. 811111. 1 1117). „Annales obet 3111111·
1111, 111111111 111 1111111111, 11 111 111 11111111111 111 ὓ111 1111 111·
111111 11111111, 111 1113111111 111111111111111111111111111111111, 1111
11111111 1. 1111111 11 1111111111 111 1.1.11.” 11111111, 1 111111 1111811.
(1. 1111111 111 111 1 1111 11111.) 1111. 8111111111. 1111111111111. 1111.
&pictum 111111. 1. 111111. Q VII. 11.

[311 1. 1111 1111 111 1111111111 1111 111111111111111111111ῤ11111 1. 1111.
111111111; 1111. 111.,111 1111 111 111 11111111111111111 1111111111 111
1111113111ὶέἶὲ11111’111111111111111111111
111111, 11111111111111 1111 1111 1111111111 1111111111 1. 11111]

131111, 111111. (111.1511; 1 1171), 1111111 111111111111 1111111111 11111111
&tat 1111111111 11 111 11111, 11111 11111111111111811111111, 111·
111111 1. 1111111111, 1. 1111 11111 111111111 1111111111 1111111111 111111
111 1. 111 111, 1111113111 111 1111111111111111111, 1131111111.
&eh 141. 111 1111 1111111111113111. 1111111111111111111111111111111
111111 1111111111111111111111, 11111111 1111111111. 11111111111111
1111111111 1111111111, 1111111111. 1. 311. 11111111 1111111111
(11711). 11111111.1.1.θ.1111. 111. (1116.)

’ 11.11·..1.1.1111·1,,111111111·11·.

1111 11111111 11111111, 111111. 111111111111161111111111111 1. 111,
1111 11111611111111 1.(1111111111,111 1111 611111 111 11111111113111
11111111. 8111111. 1. 1. ὓ. 1110. (171ῧ.)

9111111111111111 1. 1111111111 1111 1111111111111111111.13111. 1. 111,
11111. ΙΙΙ., 111111. 1. 111, 111111. 11111. ΙΙ. 11. 111111. 11111. HL: 6. 11 11.
11111011141111191.1111111111.1.1.11111111.;Θ.10-
11. -1111111 1. 1. 111 1111 11111.;1.11111.11111.]

 

