6691166111. 17

1. 61. 9161161666 (691. 91681 1. 1697), 1111611161 (691. 9. 1679),
6196116. 6. 6111 (691. . 1666), 6.11166136116,61161,1111 ,
611111 1. 61161616119 6919131606, 1609 1616111,161016
3 91111, 1611, 1614, 1611, 1624, 1616, 16191111 11111, 16³0, 1661 111
1 9116, 1666, 1666161 6111, 1671), 111611. 611616 (691. 9. 1409), 6.
61. 161111, 6111 6. &mmetiffi (6 1911111, 1679). -616111 616
111 11191 611 61166116119. 1911161619116116,16111 6116161116
{b 11166916 6. 6161116111116, 6616 611661111911911116116. 6161111 61116.
1. 6161611611. 116616111161. 611611, 111 116616, 611 611 6161916611
61 1111, 1116611116 9691116 1161 61966169 161 11161166116. 6611116
6611. 911111 61166111111616111.ῃ9166 161911611 6661611116, Ι(1111·
16111166. 1. 3. 1616-16911 6 16). 1661661161-011166, (16. 6.
1. 1111, 1111 6. 1616). 161161 (16, 6. 3. 11161611, 1611 u. 1661).
61616111 (116. 1363 6. 1364). 6116161 (116. 1340). Liossand (116.
11666116,66166166611661
11611166619 (116. 1693161 6116). 11116116 (16. 1319 1611116,
16961399). 1111116 (116. 1711). 1116161161 6613116116 (1161183).
1111611111ιά1 (fib. 1636 6. 1666 1616116). 6616616166116. 1704).
1111661119 an der 61116 (fib. 6. S. 1186, 1111. 611 [6191. 1611661166
6. 61119116). Ρ161661196111 (116. 1643). Pohlen (116. 1. 3. 1318,
1936, 1614 96 1. 66111111 6116, 1611, 1666, 1100, 6113 11 1161116
91911116 19116116 6116)- 1661111616 (66. 6. 5. 1619 6. 1671. 1119

16111161616611·1661101611 61161111,1111611116
1116161116 (9. 1661). 66611666619 (9. 1666, 191. 6. 1111111116
111 6111). Stendal (66. 6. 3. 1611, 1616 in 1 ιιι, 1111, 1111, 1316,
1347, 1363). Tempolherren (116. 1307 1. 1308 9691. 6111116. 666
11119116. 1. 11111111. 6111). ’.1161166111 011116 (9ψΙ311, 9191. 6111

111969 1111611116. 6. (661116 ιι. 1161161. Abte

3. 1617, 1646, 1713, 1714 16 1 1116). 6161111616116 (9. 1307).
61166119. 1113, 9191. 611 111116. 111116. 11111616 6111). 61661616-
1111(9. 1303). 661116(9.1197). Β616,(116116(9.1146). (16611161
(66. 6. 31. 1616, ι1ι6, 1160 u. 1611). 061661 (9 now). 611661-
16 111 (fib. 6. 3. 1661161616 111616. 1511; 611 9. 166 u. 1611 96
911116 6111 &gua 111 11111111). - 6116161311911116161916 -· 161
116161 61116 1111116111 61116111161111 ,11691611 61916661161611
61616166116611611 6111111166 61691116116661111616119
666 616611 — 161 6 1. 6616 1111911116 9. 611116. 6. 61116. 111161
1116619, 616116119 6. 111661, 911111 66111 ,1. 6116166669(
11 6111 61. 611-16166. 9611 66. 6. 9. 649, 666 6. 1666, 66. 1613
-11911 (9. 1198 9191. 111116. 6. 61161111. 611161 9 6116, 116. 6. 3. 1906
-1943; 9 61111 (9. 1309 9691. (6196. 11119616. 61119116. 14661 16116,
11616461 11169 1166 661. ,61161666619, 61161’, 6 6116 6. 8.
1311-1409 6111111(1111161661616 161.) 161. ,1.1111616619, Biss-
thum“ 36116 116611. 916, 969 1.1166; 166116 (161 1161161111661.)
611. ,3. 616661, 116. 6. 611016. 1187, 116. 1306-1336ε 6 6116 (96
1360 9191. 6166161116 6116), 1. 116. 1411.)

(8111111119,8.61.11.), 1111661166 6196110666 (111 1161111111 Β1161166-

bug. 61661161. 16 661, 116. Bornos. Fol. 400, 111 1. 6116191. 61611616.
ᾗ1166116111 6161111111 61161111611111111111116 1116 ,1696166111 Schrif-

116· 1. 1. 1161 1169161 1111161611, 611161 11111111. 161661116,1611161ιι
111 91191616 1611661616 ᾖ966 (11611616 0611161. March„ 1111111 1616

1111619166, 611116 · 1161166. 1. 61611611961111161116111, 9111116

orden (116. 1.

 

