1131443143.

4444 343. 434443· 44443333143443

341 (1433 33334143433 .-134 133· (4341)3..,444333 (1453)

444⁹?- -3494 443: (31333) .’4’1333.4-6 4444443341 (4313.

33313, 64441341 ,345- 953;”61. 3434393 8441141 ,3.63·
4444p ,334 (4704)ρ”93333-’31313633344443433 331414
111.” 14 (1618))1 ,ΠΒ-”- 180, ’(1651)ρ .458, 61, 1 41444414 .44·44 49.
61443133114131,”4 6314 (4113, 41431441.”’1113414’4. 341414. 3311441)” 33333,
‘¹44 44444. 1444 111111463111111) 13”’
1444) 4p.1104-1441.-— -134343 ’.44444 34144. 4441444144444'. 34.4144
443344131341413311441) 61. 44 (1359331 ,4-334 1341, 61. 14 (4334)

916- 961, (1661)”ρ .39444., 99033, 997 -404, (1666) )416,(,
’111Α931Π766η997ὴ 442, 648- 946, 947-941'3 &4444 1111144133
61. 14 (4333)(4. 31533ἐ.δ 4444 6314113334611 (4599141134.
6, 3, 31331949 33 b:4 (4373. 44. 844114418143314441) 3339-
394, 61334 (4703) p. 937- 954.- -11134143433, 614443. 114144(6331.
641333111133341444.33434333141444331113444133. 31134 61, 44 (4531).
”-” ’61141 (’1111)’14””-’141’ ’1141113ἷ’133”’1’11’3”, ’1’33 ”1033 ’114100
141013, (13333. 133”-331, (1141))1. 433-43431431433443311
8676411673)31.6988,’3ἧ,’701-’104”,701-707.’ 3444. 6314361131.
43314444. 314 34144 3441· 61144 (1'5444Hpb 3οἐι-εξ4ἓ4, §ebt-84: 3344)
(141113.’14’41-’14’41,” 6111431151 (1⁵⁹⁸)p· 31-31.’]

9111413, ξ). 633, 6114 64413134 9141433· 63143144), 4143414144 4¹1 3131446134
44143434 641434, 4341434 3344 81433443, 6114413444, 63443 44. 81143143, 1433-
141441, (1143344 44. 344444, 3443 91111443,·61144144,414411444, 1331414343 3444441
3434133444, 641336344311. 8331664144, 64131· 441041111434304143
giis, 144 314444 6413346111443433331, 4443 6141433· 44. 331433 61111444, 31·
444131 14 34111343 313 1444441344 64341433411444, 14443 13 6141131143· 613313·
’.641433 9444114-111144431331141131· 0411411οωὶ44· 44. 3441443 633441, 34111431
6433411133441 8414144133313334, 414 Α. 4449, 3411 341133 34144 3334444 344
3334413114 34431441 3441134344 24341 11343441, 1113343114, 14444 4411611414,
6141434, 44, 143 64144 6433414413, 114343 4114. 3333 314 6133131134431141111144·
3343433113444433. 344 64444144 13144 34343414 41404313 33444 6134114 34·
14343443 84141444, 13 6444134344 6433434 3434133341 44114143. 341 vm 444444,
444131 41131444 8331344443 monchis 44. 6431314444 33411141 41144 114 1141441444 313
(1331311441 44. 0341ήοὶ41441, 3418 4444 34341441, 33313414) 614 64141313 1744,

34144 4144 33134 11144434 3144 6434411444 144 34413141 31443443 6444133·
44144411. 3, 4343-4144, 4341434 3143113341314411144 4414 3411 4441
3311443341 ppt 114 6133113444 143 344443. 613313- 344 33 434143

3441431444 131 413 4343441113 3414134143 333318643364331 ’144 144
14414 1413614 4413114443 3134411434 3443441441 41143 3444 143
4. 613 1 6143131431344, 44. 114 13113114341411,14431411114041313·
11441140344413141441- 61. 1. 341 13. 1444-14'54, 61, 1. 44. 1444-
4343, 33, 3. 3. 4443- 1331, 334 3. 4433- 1331, 31. 4, 4, 1393-
1443, ’.31 4.31433-1413,’341..31413-14433331411144,
1411,’8443143441,31343-1444. 631144143014316143(3.11113343434144
3144344 3 4: (1443) 1443 (1443) 43 441,’31, 44, (4333) 44, 44;
4431) 33 34, 33 ,(4341) 34, 13, 33 ,(1313) 13, 13 31, 141, 143, 104’
04, 104, ’1ο3’, 414, 414, 114’, 114 (’4334)··, 114, 413, ”111,114,’ 113,

 

