’ 111 1111111111.

1111111 11111111 1. 1111111. 1111111. 11. 1. 6. 111-414. ιιι-411),
1111111111111111111111, 1111111 111 11111111 11111111 11111 111111
1111111 1111111111 1111111111, 1111111 111111111111111111111111 111111111-
1111111 1111111, 111 111111 111116111111111111111, 1. mit 111111 1111111
111111 1111111111 61111111111111, 111111 11 1111111,111111 1111 11111
1111111111111111111,11111111111111. 2 θ11.111111. 1161-13.1. (θ1111.
111111111.)111111111111 1. Q. 111. 116. 161 fg. -1111111, soh.
111,811111111Β111.1111111111111111111.) - 1111111’11)111111.ῑ11
1111 mh. 1. (1111111.) - 11111111 11 111111111111111611. (111111.)
- 11111111111,1.0111.,111111(111111111111. 1111111111 111 111111111 ¹
1111111111 11111111. (1111. 1111611111. 1111. 111. 1, 1 u. ⁵ (111111).
- 1111111111, 1111111111 Literna continuata. 1. ibid. 1136. (111.) -
1111111111, 111111. 111111. 111 1. 1111111111. 61 &maii 11 81111111
11111111111111111.1.11.(11111111. (111111.) - 1111111111, 1111111.
111111. 111 111161111111111111111111.(11111111. 11111111. 11111111.
1311111111. 111111. 1111111. 11111111. 1111111. 111111. 1111111111
111111. 111111. 11111 1. 1111111111.) - 1111111111, S. 81, Antiqq.
Goellingonm, 11. 1111111111. 111111. 111 1111 11111111161111. (161111-
11111111111111111111111. ῢ1111111. 1. 11111. 1166. 4. 111. 1. 11111
(11111111. 11111111. 111111.) - 11111111, (1111111161111111111111.
1111111116 (11111111. 1111111. (1111111 11. 6 (11111117 (Dum
1111.) - 11111111, 1111111111 111111111111111111. 1. (11111111.
11111111111111111111111.111111. 1111111. 11111111. 11111111
(111111. 111111. 111111. 111111.) - 11111111,1111111111111111111
1111. 11111111. 1111. Ι. 11. 1 111 (11111111. 1111111. 1111111. 111
1111. 1111111.» 1 (1111111.111111111(11111111.11111111.ὓ1111.
1111111- 11111111, 111111111111111111 (11111111.) - 11111111, Qun..
Chronica 1161111611111111111. fif. 1. 11111. 1711. 4. (1111111.) - 111-
ntori, Antiqq. 11111111 11111111. 11111 (11111111 11.4(Ἦ111ι
1111611111111111111111.) -· 111111111111111. 11111111111111111-
111111. (11111111. 11111111. 1111111.) --111111, 11111, 1111111111 &im
1111 1111111111 111111111111611111 1111111 1111111111 11 (111111 111
11111111111111111111 111 11111111 1111111111 111. 1191111111111. Ε.
196-11114 11111. 1. 3. 1141-11611. 111111. 1111111. 1111111111 1111111,
1. 1111111.) - 111111.,1111111111, 1111 11 1111 11111111111111111
61111111. 611111111111111111111 11111111 111 1111 1111111111 1111.
11111111118111111111111111.) - 111111, 1111111, 1111 (11. Ε1.
111111111111. (111111111111111. 111111111111111111111- 111111..
111111, 111 1111 1111111111. 1111111. (1111111.) - (1111111111.) 11111111
111. (11111111. 111111.) - Nougut, Ood. 111111111111111111111.
’1. 1 (111111111- 1111111111, 11, 111111111111111111111111.6111
111. 1111. - 1111111111111111. 1. ὓ111111111. 1111111111. (11111111.
1111111.1111111111111111111)-11111111,11111111. mas
1111. 1111111111. 1111. 1 (11111111. 1111111111 2 (11111111ὓ1111.) -
. 111111111111111111111111111111111 11. 1, 1-1 1. 1 1111111111 1 u.4

 

