1118811188. 848

ιι. 88111118 6888111118 1. 188 1111881 1111) 181 8818181118ιῆ. 111. 8881
8188188181811 8811818, 688188 1111118111 811181181881811811, 11. 1. 8. 8181.

, 1811. 88118. 1818. 6. 78. - (1888) 118881 1118811118 181 11181111111
ι 18111888 811 111181 11811118118818118. 61. 11811181, 61881118811.1111

ζ 1181818 88111111. 1881 1118. . ιιι; (1188) 8811811888. ι. ιι.

1 1118111 1884. Q 181. —— Q 1118818· 1. 1811818181181881 ι) 111

4 1181111881 1811) 18881 11881881 1. 3. 17781 (888)

1 1188118118881111611818111
’ 6111118811 1. 181188. 1888. 3818. 1887.

6881811118 811 11811181 1. 6111186181 811 181 11811ᾶῶ881 11181 1111111181
18. 1818. 1818. 6. 188; (888) 8118818111, 17. 8111118111. 6111ἓῖ113)
. 11111>811881 1. 80. 311. 1817. 38188α1ἔ1ε8ξῧ.) ἓὲὴὶιζιὲἱι 3188112311
’ Ι1181181111181111181, 1881118111. 8111188 'off 8871ῗ)18ῠ8ι11.ῖ6ώ1811
878) 1111 13118111881. 88. 311. 1880. 6. 114; (874)1111ὓ811811.,
1118. ἓιίιὲαἶιιιιῦῗὲὶαῗῖ ιιῦι1ιῐ111ἶῖιόἐζιῗίιίιὲξιὲἶῗὲἷι1’ „²³ ’11181111ιῖ1ἰέιέ
4808 (881) 118111116111181811. 18118881, 1. 18111188 1887. 6. 88;
(888) 1811 8181811881, 1181 1. 88. 6811. 1884. 6. 181) (888) 18118118·

ss 1881811811. 831111. 1887. 6. 118ς (881) 118181811811 1. 81. 311.

1888. 3818 .1848.6.81. 8) 1188 6111118111 ι. 881181 1111 81181ι
÷ 1118..18111 88811· 8181111111.1111

, 1888. 38188. 1888. 6. 81· (888) 1811 188811. 6181181 1. 81181111, 1. 18.

¹ 8811. 1881. Q 81. - 1181111118 188 111181811811118 1111 8111.

1 61881811 (808) 1188181188111188111811. 188 81111 3111· 1111111818·

181811 18811118181 6188181 1. 81). 311. 1888. 38118. 1888618.-

’ 118818188 1111 8111811 61881811 818 88118188118 181 118118

’ 111111 881811118111111118 118811 (1118) 11111 1181881,

= 11811111)

1118881 111 (1111118181 1. 1118811818811 18118881 188 ἃ88811181118811 Qu
. 3234. {22¹ ;6(1180)Β18111 8111 t.¹ 6881ἑς 8111, ner. 1. 111811ἑζ1ἕ18ῗέ
' 11111 11111111111111111111111) 111
mm ”5⁸²⁸ 1111111’111111111111111·1111111ἓί
1111381111 nb) 1111811 81811818118611111111188 1111181811 (1117) 1111 13811888.
11111131, 1111111181. 1. 11. 81 181888 Q 81) (1881 ag.) 1118818118111
1181 1118188818111881. 1)1188811118118181118 1111111 111181 1188118181.
(1148) 11111 118 8181, 118818. 1. 88. 311. 1888. 6. 881. 8) 118881 188 111ι
“’““”“““”811ῗῗ11.11.111111;ῗ,ἷ”11111ι’ῗ·1111111Ιὲ9)ιὲ

(1118) 68118881.ι6111888181181, 1111. 1. 81. 8111181888. Q 81;

1 (1811)1ι18111881181,1111 ι. ιι. aun. ιιιι. Q. 1⁹³3 (1111181

811188. 6811181, (1811. 1. 18. 111ἓο181838. 61ὶὲἔῖ (8181201818ξᾶ8 ἱ·
11. 818. 1181. 8. ¹⁶3³ (1881) 8181181, 11111. 1. 1181118 1111. 681.
318181111818 81111881111118 1. 8811881818 188 818181 111 181 &mmmmm
11111111111111111181.)11111111 ,
1111188811111. 38818. ιιιι. Q 11; (1818) 6811881118,

1188181118) 1116·1811111111111111.’1
gfff ’11511111ὓ &⁸ 32⁶3 1181111181θῖ 81111.2 28111 1ιῖ 4. 8111 1111. Q 1443
(1178) 1. 68111881. 1181181, 8811. 18181181 1888 6. 1118 (1114)
61118881.ι61118811., 81111. 18. 3111. 1888161808 (1171) 1. 118·
118111. 81888, (8811. 181311. 1881. e. 1913 (1178) 18811881, 1811. 1.

111181, 111111. 1. 7. Suu. 1888.

 

