1103010191110. 90

mmmmmmmmmmmm
9199, 2222, 2222, 2222, 2222, 2220, 2222, 2222, 2242, 2222, 2224, 2222,
2422, 22222422, 2424), 022. 2. 211222 2. 2. 2111221 (22. 2222. 1222,
2222, 2222, 1999, 1999, 2242, 2222, 2222, 2222, 2222, 2222, 2222, 2222,
2242, 2242, 2222, 2222, 2222, 2222, 2222, 2222, 2222, 2222, 2222, 2222,
2222, 2222, 2222, 2222, 2222, 2222, 2222, 2222, 2224, 2222, 2222,
9999, 2422, 2422, 2422, 2422, 2422, 2422, 2422, 2424, 2422), 012. 2.
22212212 (22. 2. 22. 222, 2222, 2222, 2222, 2222, 2222, 2222), 22,
2. 2122222222( (22. 2. 22. 2222, 2022, 2222, 2222, 2222, 2222, 2222,
2222, 2222, 1999, 9019, 2242, 9099, 2224, 2222, 2222, 2222, 2222,
12300, 83021345, 2429, 2430), 182. 2. 0121212221 (812. 2112. 1221
-2224), 22. 2. 2221222222 (22. 2. 112. 2242, 2222, 2222, 2222,
2222, 2222, 2222, 2222, 2242, 2222, 2224, 2222, 9099, 2222, 2242,
2244, 2222, 2222, 2222, 2222, 2222, 2222, 2242, 9999, 2222, 2422,
2401, 24012 2411, 2419, 1430, 2444), 012. 2. 1522211212, 92212222, 82221,
ἓ2212222, 9111222222 , 9. 2. 821222112122. 2., 212 111111. 11221222,

22122222222, 122112121122212282211,62112222,6222121221·
2222, 6212222112, 322222, 81222222,.112)22221222 ,1122222222
882τί221212, 62221222, 2. ς112122112211111 2. 6111, 6212222112,
8122122,18221221)22122 22. 2.; 212 615212 0621212, 1122122222,
9909 9991191 :1‘¹⁰99²1”911”99199919119
2222, 2222122222 -122 212221 ’2122121222 (112. 2221, f. 2ἶ
(2222. 21222222 22. 2 (112. 242, 222, 222, 900, 909, 222, 222, 222,
222, 222, 222,,242, 222, 222, 224, 2222, 2222, 2222, 2222) 22 (122. 2222,
2222 2222, 2222, 22222222, 2222, 2222, 2222, 2222, 2224, 2222), f.
2. 21221. 2212221222 22. 2 (22. 222, 442, 442, 422, 422, 422 222,
901, 222, 2224, 2422, 2422) 2. 2 (222. 2222, 2242, 2222); (. 2. 21212.
8122125222202.2(Ν2.1202);1.822222212228121(112810218112222
leben: 999. 1 (112. 040); 1. 16222. 2. 5151222 82. 1 (111. 4112442401, 430, 430,
mmmmmmmmmmmmmmm
222, 222222, 242, 22222212222, 2224,2222,2222,2222,2022,2222,2222,
1106,1107, 1110, 1130, 1198, 1148, 1158, 1158. 1161,1175)1187,1189,
1811,1818, 1887,1899, 1854, 1856, 1876, 1888, 1899,1905,1914,1970,
2222, 2422, 2422, 2442, 2442, 2222) 2. 2 (222. 2222, 2222, 2222, 2224,
1599, 1599, 1686, 1647, 1648, 1668, 1700, 1703, 1795,1768,1779,1776,
1781 , 1785, 1798, 1881, 1905, 1906, 1914, 1915, 1916, 1918, 1919, 1986,
1999, 2222, 2222, 2222, 2222, 2222, 2242, 2222, 2222, 2222, 2222, 2222,
2222, 2222, 2222, 2222, 2222, 2222, 2222, 2222, 2222, 2222, 2222, 2222,
8090, 8091, 8049, 8046, 8047, 8055, 8057, 8063, 8068, 8069, 8080, 8081,
8089, 8086, 8108, 8116, 8180, 8199, 8144, 8158, 8198, 8183, 8186, 8187,
8189, 8190, 8806, 8817, 8897, 8899, 8851,8859, 8869, 8888, 8889, 8897,
2222, 2222, 2222, 9919, 9911, 2222, 2222, 2224, 2222, 2242, 2222, 2222,
8963, 8364, 8988, 8401, 8408, 8406, 8407, 8410, 8480, 8486, 8490, 8491,
2422, 2224, 2422); 2. 2. 12222. 221222 22. 2 212. 222, 2222, 2222,
2224, 2222) 2. 2 (112. 2222, 2222, 2422), f. 022. 2. ⁵ ug: 22. 2 (212. 2222)
u9fflwmfflfflwm9w0ffimmm909mm:
222 (222. 2222) 2. 2 222. 2222, 2222); (. 2. 21. 112222 (22.2.
242. 222, 222, 222, 2222 , 2222), 222222, 2122), 122121, 222122
1. 2, 9121. 2. 9119. 8222221122, (81122, (11122, 012212.

32 222 11222222, Θ, VII—XIII. (221222. &vm-1111), 1222221111.
12242 212 2211 11211. ,0191059101099090001191 2221222222 11212122, 222
222211. 21122 2222 2221121111. 112112222211) (2221612222 622122122, 121212
9101111911911 221112 6221221222, 0, 911212119909390101.. 212
1811122162 22. 1. 9122221112 16222221.) 1019191101031099190101 3.
8111221122, 122212 21222 212122 221221 1112211, 11261222 2222122122 12222

 

