61111. 111

111-11111111111111111111. 111. 7111. 1717. .4. (17111111.17111’117.)1711.
8711117 1711111711.81111.11 647. - Δ1181117711111117. 1111171111-
. 1111. 7111111117. 11117111 - 0111111111 8111771111Η1171111111 &ab
7111777 01111111 1. 711. 1111171111. 71171171 1171111111 .. 117 7711111·
7117117 111 11. &at 6111111. 8111117. 1737. 4. 11. 171711 17117. (11711111.
11711711.1711111.171177.111111111.(1ι7117. 1777717. 171117.) - 81111111-
111111 Galli· christina„ ’1. 3 1111711111, T. 1 lustr. 1. 1717111171. (7711·
11111 ’1.411111111.(1)1111171); ’13 11111. (17711711.) - 6111111. 1111
671711. 11771. 171. 1711111111.) - 6111111111, 1117117111, 1111117111.
1111111111111711116117111711. 311111. 1771 1. 1736 (1711111111 1177
«1.1111(7171111.); 1711, 1111, 1111, 1111 1. 1111 (111111.) - &mm
1117, &tm 1. 171711. 1. 111171. 11171. (17111111. 1111117117117.) 1711.
1111 ὃ. 111. - 6171111111 1111111117 1111111111. 111 1771111771. 7717
ὅ. 4114 (1711111). - &atarto 1111.. 61711. 177171111116 (17641711.)
ὓι11. 1. 111. 7 (17711111. 7111111). - 1111111711 Addit 111 1111611111
0111111111. 1. ·- 8111111111, 71. 111,8111ι111111117111. 11711111 111
1171171116 11111711711117177111171171117 711711, 1113111. 1. 7. 11. 17111111. ·
113111. 1717. 4. (p. 17-1917411111. 7. 17111111. 111111 11177. 1171. 1111.
17711111.) - 811111171111.1111711.,11771177111 1171111111 1111111
1711111111 1111711711 Β1111117111111117711 11 &h 11111111 111 111 &teht
1711111111 11 111 &aula 1111171171171111116117111711111111711111,
1117 11717111 1111111ιῇ111, 1111171171171111111111111.111717111111711·
77111 11171711 1. 7. 11. 1711111. 1711. 4. (171111171117.)1711811111771717
11171711. 11111. 77. 1. Θ. ³6 71. ·- 8111111111, 117111. 7117111171. 111
stt 1117111. (177111111111117117711711.1711111.117117.) - 1111111ιοί111, “
1171711 1711117117 111 (117111111717111117117111 1117117111, 71 1117111711
1137111111 71 1717111111 11711111 (1171171171 711111 11 1111771111
(7111111111117. Β11111. - 811111ιοί111, 7177711. 7117111711. 111 71171111
1171111111. (11111177. 17711711. 1711111ὓ11117111711117.) - 81111111111,
81111 7171117171 7111111111 1111111 111111711117117711 11 &t 1771171.
, 1111 111 67117 7711111111, 117711 ῦ7177711,ὓ111111771171111. 1177111, 77111·
711111 1111171711 (111111771111 1711111111. 111 1117111 1111111111 1.
1111111 6171177711 11171117 1. 1177 1117711111177117111111711111. 771171
6111111111 11111711 1111111. 1. 1171177111, 11111111 711111 77117 17111
ῦ1177111111 111 1171117711 maminoti: 1167177117. 1711111. 1779. 4.
(17111111.) - 8111111111, 177711. 1117111111. 117 m. 11 ὓ111711111
(77111171. (117117. Φ1111111.) - 8111111ιοί111, 1117711. 7117111111. 117 Most.
111 7771111111. (11711111. 1111117. 171117.) - 8111111111, 117711. ffie·
7111111111 111 1111117111 1111171111 771711 1. Β111171111111-71171111117
1111 771711711111 11 6117111, 1111 117711 677771111171111717111 1. 111711
8161111111, 11711. 17111111. 1771. 4. (7771117.) - Suhameliuu, 1711171·
11717171 17711711771171171111 111 &muniet-&idme 6771111111 11
11111711 1711771117( 1771117111 71 1117171111. [11111177. 1711111. 171117.
1711171117111 1. 8111111111 117711. 1111111171. 1117711111 1311611111.
7711117. 1717. 4. - 1111111711 71111111 81111111. 11 1111117111 7117711

 

