6111111111. 461

1111. 11111. - 61111111, 111161116111111161111111- 111111-
1111, de &communicatione 61111111 Franks. - 61111111 11111 6161.
61111. 6111111111. ti. 1 (1111),- 6111111, 1116111. 6111616111
1. 1111. 6111111116. Dia 1. 1111111111. 16. 1-6, -1, Weingarten,
J. 1., 611111611111111111111111111, 1111 1111111 11111111111111611111·
6111111 1111111111161 6111111. 1111111. 1616. 4. - 111111111111,
J. 111.,1111111111(11111111111 1111111. 611111 616, 11 1111111111111111
111 111 61111116116111· 1. 61111166111111 11116111111161111111161
6161111161 1111. 11111111111111111. 6111111 616, 1111 6111111111
1111 111111 616. 111111. 1691 811. 6111111111111111111.41.-
1611111611, J. J., Vindemia judicialis. 111111. 1691. 4. - Ejued.
1111111 11 respective 11111 Melie. 11111. 1694. 4. - 11116. Hodeepori·
cum, 111 Index gencnlie. ibid. 1696. 4. - 1111116111. 111. (ient. 11-
cent. 1. - 111111, 61111161 1111111116. 611111111111. 11111111116 1.
1111111116111. 61. 1 1. 3. - 11111111, 1111111611 6111611 111
6116111111. - 1. 611111, 6., ’1111111111 66111161161111161161
1. (1611161161. 61111. 1615. 4. - 1111111111, ed. Balce, (resp. J. G.
(11111111), Dice. de Suidniceneium 0111111111 emendi 111611111111.
Altorfiii. 1706. 4. - wilkii 1111111111.011116111111μ6161111111,
(6116161111. 66. 1 1. 1. - (1.11611111111111111. Norimberg dipl.
-· 61111, 6116. 111 61111116. 61111. 31116. 1716. - 61111, 6116.
1. 611116. 6111116611 &cc 1116. - werbe, 11111111. diplomat
11111111 11111. - 611111, (1116. 111 16111161111161111111111111111·
11116, 611111 66111111. - 1111611111, 111116. Diplomat. 111111
1111.11111111.611.11116.111.91 - 611611111111111616111
111611 Siccensium-&edite 11 111 6111161111 6111111111 1. 61111 1111111
1161 6111111111. 111 - 611111, 6., 6116111161111 61111111 11111
111111111111 66111111. 61111 1141. - zelum, Epistolee historico-ra-
11111111. T. 1. - 3111111, corpus Senecionem pragmatio. -s 31111111·
11111, 6111. 1. 611111. 61111111 1. 11111 61111111611111111.11.1.

m

1161111111.

6111111161 6111111111 aem 611111611111111111111 diplom. Lentino 11·
1111111111 11111111111111 6111111 6111116116 11611111 1111 111
111 1111111111 6116161111 6111111111111.111611161111111111

, 1116111, gene 1111111111 1111 1111111 6111111116111 &icit 61111. 1111
1111111111611, 111 11111161 1. 3. 1111 1111111116, 111111 1111111111·
111, 111 11111111 1111 1161 11161 111 11111161 1ο 11111. 1116 61111,
1111111, 61111 1111111 111111. 61111 11111 1. ’1111111111 16
11111. 111111 1111111111 1. 11111 1116161111116 111 11111111, 1111 111111
611111. 6111116 1. 611111 111 111 311111 11111. 1116; 1111111111.

 

