334 ‘ 31111111,

11.6.1561-1556(1551).01116115111113111111111 111
0111111111111131 11111111 1111111111]

6111111,.Ρ1 (11ἶ616),,1111111111111111111111111111111111111111 tibrim.
1111. 1766. 1.

(611111373111131111111111 0111111311111111111111111 1111111111, 11 1111 111111

111111. 61, 11111111 1761. 111,

1111111111111 1111111(1111),11111,1.11(1111111.11111,11
11111111, 1161). 11111111-ωο111111111111111). 0001. IV
(011111111111111111111 1111111.)000101(11111111, 1111111111. ,1151111
1101111(11.Ι.11111.Β1111.1111111111111111111135), 011
(11111ῦ1.11..111111111. 1147).1101111(1331).1)00111(Ο11111111
Β1111.1366), 1111160611611 11111111). 0111111111101-
011111011111.111111111.1.6111..11111111.1111111111Μῶ
(1.11111, 11111111 11111). >CXXII (1116). (IXXVI 11, (1606)
(116610001111 111. (1640),]

61111111, Δ11111,1)1111111111 111111 11111111. 11161111. 1656. 111,

[Τ. 1: p. 316. 317. 331 111111111316313 311. 35711. 319. 366.
3633361139611. Τ. I. p. 371, ι)3’13. 373. 373. 330. 333. 331). 333.
337, 333. 394. 391 11. 393. 399. 406, 403. 435. m]

6111 1 6110111111, wigul (111111600),111111111131111111111111.111.
1111111111111111111111111, ΡΡ. 11111), Regum, PrIncipum 111 historiae
1111111111111111111111111111 christophori 0111111, 11111111, 1660,
61111.1113111.1111611111,0111,1111111,11.76.

ΕΤ,1.1.401(0111111.Β11111.1366). Τ.1111)66(11111111 111111
1111111. 1166). 6611. (1316), 65 (911111 11111111, 3111, 16061 177
(11111111. 111111.11311111111156).166(0,11111.131.1111 1636).
133 (1694). 319 (1136). 461 (1131),]

1111111111111, (11611111, 61111111), 1131111111131111111163111111.
01111111 u. 3. 81. 11 111 alten 01111 6111111111, 1111111111 1 11 116
111111 111111111111611111111111111111. 3111111111. 1750. 4. 111111,
(2166111111111111). 1 (1111) (1111),]

611111,11.,011111111111111111111111111111 3111111111, 1111111. 1641.

131111111111111111111 0111111111, 11111111, 31111111.

31111111111161111111,16111. 3141 (1611) 6167 (0111 march. 61111·

1111111111. 1121311111111111111 31111111111, 111 1111 1111111111 13111111 111
6111111111 3111111111 1. 11111111αῇ111 311111111111111110111111611
11111111 3111116, 11 11111 (11111101113110111111111111311111631111, 1111
1111111111161111111111 111 Α 116 6111111111. 311. 3111. 1111. IL

Imfflffi'r.. comment. 11111 11111111111110111111111 3111. Rom

01111. Imp. 111111, 1767, 4. (76 Q.) 3113311113111111131111·

1111. p. 666,
mmmmm

 

