111. 31111111. 131

1111111111· 011101111101131111ἓα111111111ἑ1 6. 1111111111.
1111τῇ1)11111111111ἷ11111ᾶ9111111 1161 mid„ m ἣκει u·

Nr. V., 11111111 1111 9111111111, 11111 1111111111111 ,Tunisa 11111
ibor 1111 neue 1111111111 privilegia dio do 111111 1111111111
Priamei? 11011111 111 63 111111. 911111. 11111111.,111111 1110111111
111 1111111111 111 111 111111110111111111111,11111111 111111 be·
1111. 11111. 111 111111111111 111111 11111111. 1.1111111,11111,91111,
bibici. 91111 111. 1., mciii 111 113. 14491. 1444. 1111111111 1111·
111 111 &iege 1111 1111111111 1111111111]

‚Documenta ad historiam 1111111Β11111. spectantia 9111111 Xlii. 11 11111.1
1111111111. 111 811, iis. Boruss. iol. 119, 111 111911. 0111111111. 1. 011111.

11111 011111.. 111 111111111111111111 1111111111, 11111. 111119 bea
1111111111 &iiten 51 11111.. 11111111 1111111111 1111, 1. 3. 1119-1399
inei. 311 1. 1. 1111. 111 9111. 111111. 11. 1131111, 111 11111 111 1111111
1111111111 1111111. 11111111 1. 111111111ὖ· 111 111111111.,1111 1111111
3111111111111;1111. 11111111 111111111191111
11111111. 1111111111 1. 11 11111111. ite 11111, 1 111 1. 111. 1111111011,
1111111. 11111111 1. 1111111, 01111. 1. 1111111111. 1. 1. 1111111
1. 1. 9111111111 11111 1.,, 1111. 111111 11111111 61111111191111, 1111
ῧ111111111.1.1ἰ1. 1111111111, 1111, 11111111, 111
11111, 1111111111, 11111111, 1011111111111ς 11111111, 1111
111111, 6111111111, 0111111 1. 1111. 1. 1360 11111111 1111111 111
1111111111. (611111, 11111111, 0111111111, 011111, 611·
11111111, &Bitiam 1. 1111. 1. 1369. 111 10111111 11 111 61911111,
11111111, (iiia 1. 1. 611, 6111111, 9111111111, 1111111111,

91111111 1. 1111. 1. 1319111911 1111311111 111. 91111· 311111.

1. 1963 u. 1361111911111111111 111 11111 1111111111.1113; 111

1111. 1. 191111111111111 11 ,311111 1111 0111111· 1. 1111. 1. 1311. 111
&time 1. 11111111 ,11 g. 0111110 1. 111111. 111 (1111111111 1111 0111
11111 10111111 1. 1111. 1. 1381. ,111 11311111 1. 0111111 &mm
9111.1111111911...11111199111.1113..

,Ungedmekto Urkunden 1111 (1111111111 11111111Β111111111111.“ 11111111.
111 811.,111.Β11111.1“11. 991. (111 11111111 vani) 1111 111 1111111 01111111.

,11111111

³ 1011 zib. 1111, 111111 11111111) 111111 111111 1111111111, 96 111111. &iiim
11191111111111111..1
genie: 191111111411. ο. 3. 1411. 1991. 1419. 1991. 1991. 1111. 1111.
1970. 12⁷1. 14911611. 1598. 1608. 1098. 1699. 1718 (i). 1714. 11111.
1111. 1111. 1114. 1111. 11111111. - 111111111111111111111111. 111
11111111911111, 111. Subit, 111111. 1. 01111111.. 1116101191 ιι.
01111 1.1. Q 1., iit. 1. 01111111. 1111 sinti. 91111111, 1111 911.
911111. 111111. 1. 1,-111111111 fidi 1111111111 1. 0111 1. 1. 611..
9111111111 1. 111, 1111111111, 1111111111, 1111111, 1111111111
1111111,11111.1.91111111., (iit. 1. 0111111111, 111 1111111111 1.
1111. 0111111111.. 1. 11111111110111111111111111111 6111111111· 1111111·
111111,11111111111111, 9111111111111111, 0111111111, 1111111, 1111111,
111111. 01111111, 011111111111 1. 01111111]

0111 1111111 0111111111 111.,111111111111. 1181111111 11 1. 0111110111

&ammi 1. 31111111111111. 611111111Ιί111. 1. vernn.
[(11 11111111 1111 1111111111 (1111111111, 1111111111 11111111 1. 111111 1111111·

1³

 

