181 1111111111.

1111111111, 11111. 11111111. &cumberg 1. 11111, 1111111111
1111.. 111ςὲ1. 1. 1111131111111. 1. 1111111, 111111 ,merab
111111, 1. 1 1111111ι 1111 11111111, 1111111116111111111 811111,
111111’.1111111111111111·111111111111111
gen 1111111111 111 11111. 1511111, 11111111. 111111 1111111111 1111111111
1111ῢ1111111111111111. - 8111 11111111111111111 1111111 1111.
111 ῧ111111111111 1. 1111111, 111111111111111ἓ111, φτε111ἔῒὲξῖἓᾞξέἓὲ ,
ἓ1111111119111111.111111111111111111 ιι1111 111111,
1111111111 ιι. 1111111111 1111111111 1. 11111111111111111111 111111]
1111111111. 1111111111111111111. Guudlingsche Urkundonmum·
lung. 7111111 13111 Ι (248 11). sm. ΙΧ-ΧΙΙς 11 1310111). 8111.Χ111;
111, 1 (3111111. 0111111101-111111111(1111111011111111111
-11111 111,1(101111.).1111 1111.(ι110-1111);11,1 (1111111111111.
11400-1450); 1111116111). 81111111 (1461-1491. und 8111111. J. 1161.
15111172. 1613.1611.1616.16431. 1111111111. in 111,11.1111.111 52⁸-

534. 111 1. 111. 11111. 1. 1111111. - (111 1111111111 11 111111 1111111111ιὶ cub

1111 eine 11111111. 11 801. 1111 1. 1111111. ..1111111111 111 1111111111111111111· ’

1111111111 111 1111111. 1111111111 111111111111111111 111 11111111111111111111
1111111111”, 111. Boruss. Fol. 66. 111 1. Mutat 81111111. 1. 1311111.
11111 11111111111111111 1111 111111311111611111 111 1111111111. 111
1111111111111111111, 11111111. 1111111111, 311111, 11111. 1111111111
111111111111111 11111111ιί1 111111111111111111 1111111, ιιι 111 11 111
1191-1613 1111 41 1111, 11111111 111 1111111111 11111111111111111.
3. 1491 1111111 1 11111. 1111111.

11111 11111111 1111111111, 111 1111 1111111 11111111 1111111111111
11111111 1111111111, 1111111 tint 131111111111111111111111111111
1141, 111 11111111 ubet 111 11. Sa ι , 111 mmtsstegb‘fil} {3⁰th 3931711
(11.917-10001 161111; 11. 1000-1100: 14 tn3 111. noo-1200:
71111111 fib. 1200-13002 111 §lm 11.1100-1100; 1101111 111411
-1197ι 111 1111; fib. 1151-11711 111111 fib. 1⁸13-1e43: 491111.
31111111 11111 11111. 1111 1111111,1111111111 11 11111111 111 11111. mie
11111. -111 11111 11111111 11 1111111 111 111 1. beten 11131111 11111
111 1111111111 1111111, 11111111 111 11111111, 111 11111111 11111111
111111111111111·1111111111111111111111111111ῖὶῗὲ
1111 11111111 111ἳῖ111111 ’.ἓξ ’.1.““.11’1111111’1ιέ1“11ἶ
11111 Ι11111111111111 11111111,’111111111,111111, 11111111, ffitnn»
1111111,1111111 , 8111111111, 1111111111. 1111111111111111.
1111111111 111111111111111111111111111
111111. 1.). 11111111 111 111111 11111111] 11111. 11111111 111 geminus&
111111 1111111111 1.1ιι11ι11111.11111111ιιι; 11111 1111111111. 11111111
11 11άίΙ 11111111 1111111 1111111111111111. 1111111111. 31111111
11111111 . 1111. 1111111 111 1111111111 111. 1. 1111111111 (11.1.
111111. 111111.1...11111111υο
111111. ber. 11111 minnan) 1. big Qnuffintfflglf salma
1111111 d« 1. 11111 11111111 &t- 1. 11111, 1111111111,

1111111111. wem.. ίιιι 11111111 W 110111

 

