9111551111. 51

mmmfflmmmmmmmmmm
mmmffimmmmmmmmmm
903. 904, 906, 990, 999, 998, 994, 999 949, 959, 954, 989, 1004, 1005,
1066, 1069, 1080, 1189, 1970, 1445, 1469, 1468, 1479,1494, 1511,
1518), 11111115 11111 111 (5115115. 1. 9111515111 (111. 11,15,84,40,
48, 61, 75, 84, 86, 91, 99, 102,105,111,112,113,115,119,120,121,
mmmmffimmfflmmmmmmumm
111, 114, 111, 111, 111, 111, 111, 411, 411, 111, 111, 141, 111, 111
585,888,110,1851,1894.-61151911151511088,11181,1111111
1111 91151 511511115154, 89, 44, 48, 49, 58, 84, 141, 184, 188,
889),111111119115 1. 9111115111 (40', 41,11,11,14,11,111,
154, 1576187 , 198104, 885, 548), 11151111 1119115811 1. 911111ιῖ
5111165, 77, 80, 84, 89, 96, 100, 108, 107, 114,198,195,196,148,
1496157, 168, 179, 183, 184, 185198, 974, 885171 5061 341Q (40, 48,
58, 100, 1’108), 11111111 91151115111 (18 81, 85, 81, 171, 104),
111111111911. 115 (411) 1. 1. 9111181115 (189 178), 111 5111
111611111191198),81.6111111155118,188,144,170),9111
1111(118)90111115111(1117 1118),11111111119115191111
1111(84189),118111(88,48)1151111519)-31111115111119115
tngtui² 11ιῖιῖ 115 11511 511151111511111, 115. 511 911151111151 9155111.
1 11 1 11]

9181111198111118911115511111151. 1818. 957 6. 587- 541.

[st. 5. 6. 8155111515, 111511 111111 Codices 511111111111111111,
ffifflffldgeu 11 11111 11556151111611111111111 911151111111111511

9511111111. 9111115111 951111111111511 1111115111 61111191151511
111118 518 15118 5111, 11111 3151 985518 1490. 511118111. 1115119511*
1111111511 9111515. 511 91111115. 11951111. 0151111 (1788-1805). 4,
(100 1. 170 6..) 31111111 91115) 1511 11111118 518 1111111118 5111, 111511
5. 5115116111, 11119. 1490 518 1808. 9111. (1814). 4. (444 6.)

[9119111. 518 19518111,11159111.1.95.1,511611151131511,
5119111. 518 11111 1111151111. 31585. 16511118-81 951.
11115. 6. 485-440 5. 15111111 5.911111595111111.11.11111. 518
1419- 5111 (-1848)51115 611 148 11515111151111191115151-41111.
(1.1847-1419111111151151 111147-1019111111115115111 5111
66661 α161 Β176116816666611161661161116618 116166 6116661 1661661611666611686166661
91111111 111111151115 1. 5. 18. 915115 511 1111111111111111111. 111
911-1411[11111111851116111411-1111111141- 1111) 1116
5 1500-1600 906 6., 5. 1606- 1700 98 6., 5.1700-1600 78 6,
1. 1800-180811111. 16. (10 91111). 1115651111 1888 1111111511 511
9151ξὶ511111 1111111 5111111111.ὅ 11111111 1. 5115161111 115 1111111111
1111 111111111111115111,1111511111111ἐξῠὲῑὲἐὼξῖἒτὲαέξὲ.ἕῖἐῖῐὲξῗέιι y
111111 1115111118 111151115118511111161111611516651111111 511
11111.11111 5111111111, 1115111 11156 5111111111 151111
(1111115111511165166651151111191ᾐ1 1.1111.),1118(11111116
111711 1551115111 1111111111 11111 111 511 11111. 511111 115 1 11618
611111 11111511. 151111 511911 11111511511111111115 511 911511111111
11,111111151111151151115116111.111111”111111(111111 1184,1140,
lmfflfflwwmmwwwmfflwh
18ο8,1804,1111,1809,ι811,1811,1817,1111,1118,1811[11.111

4“

111111111111111111115. 8111115111 11116
111151151111111.,,121111β911111111115151118

 

