1161613611.

3616. 31166- 1936 11. 3. 33 116 1111. 6. 1161 3616. 3. 116616611611.

1. 116161. 311 11. 1161. 6. 1113 3611. 3. 1166661111. 1. 311661. ibid.
Q 193-139, 139-313, 331116 io 11111. 1. (1161111. 361 3111131166,

b. 1613-1613.-1636. 111. Q 11-1311161, 11. 14511. biii. 316 &lobs
111616 ..111111 13661.1313.3.113-113;311111.61316-13113616. ·
116 36116 361 gibbi. 6. 1163616111 b. 11116. 6. 3111161663.

1116166. 1136. 111. Q 316-3101 1111611. 1. (116161. 361 111111 3166
ἱεὶι’1111ιῖ11519661.481116611. 316-166 361166. urii. 6. libs-1546.
11. w &adini 16361. Q 35-37: 611. 1. 1661. 166116 611.
16611136 1. 111 1366116361. ibid. Q 31-311 316161 661 6111661 66616616
111111111111311111111111111·311111·
6. 1393. 3616. 3. 1666166661161-1666. 11. 3. 149-160: 1111611.
1. 11161611. 366 11166166 666 1116611613, 6. 1311-1311. ibid. Q. 169-
116; 911611. 1611111116 666 161 11611616) 3611. 316 3161111. 3611611116
6. 311161366116366, 6. 1161-1331. -· 1336. 111. 336-93631116τι
16366166 11611. 6. 1331-1369. ibid. Q 333 1111 11166661 361 31611161 1.
3613611631 61333. 3333116 3611661366 61611 13611611 1. bd s
36611. 66 3. 11661. 6. 1319. 3. 3331 1161 1. 33611316 3611161333
11116. 61116 363. 6. 3. 1363. 3. 331ι 1161 3. 3166161161 61661 111611·
666111116611116 3613661131. 161 11. 3611611.

1361616166. 13361. 3. 31 1 .: 1161. 6. 11333616.111163611.-
1336111. 31664911 11 11611. 1. 116161. 6. 1116161661 366 31. ben
Ιεὴι1111116111616011116111191133. 1. 3. 1161 ,11161 6. libs. 3611. 3. 116.
1316111111 111. 6. 116166616361611. ibid. .237-2b4: 11111. 1116111.
361 3161136313661 1661616636 31. 3111161 <sti Aegidii) 1. 11661116 6.
1131-1316. ibid. Q 339 111 13661661 6. 1133 116. 3. 31111616 6. 11661·
61166666 661 3. (1661161661 6. 3. 31. 11161166. - 1336. 11. 3.13-11;
1166161661 6. 1161166361 66613. 1101.“1336. 111. 3. 33 116 dbia.
1161. 6. 1139. ib. Q 114-16611911111.1. 36161. 1. bit. b. 11661116.
366, 1166 6. 11661661, 6. llos-1243]

u-n--o-

1166616 3666361166166. 13361111. 3611111611 11666111616 6. 3666366366
11136 31661336616611116, 16 61616161 361 161666111116 3611663, 61166
1111116 6. 116366 316161,116111311661166161 116111 361 1116161111, 1111131131
u. 6611116113 6661116361, 6. 36166 11161166, 111616. 1136116 11616 116616-
113666, 3631361161 631166111611166, 31116, 8111116, 3666, 36666 6.
6666616161 366 (1161661666 Religion 6. 311166, 1611 6661 316 3661116611 be·
1611161 116116 6. 616361163111111,11111116,11611οηί131611 u. (1111161616, 311613
11616, 311116 6. 11311616 316166, 311316, 1161166166, 31111161 6. 11661166, 6. “
61161 661 16611 16 61116 666661663613166136111611611,61116131111111661 ,
31611 1616616166 1636661111 36116361 6611 316 1166611613611 1616611666 1161161111,
3111316636111111,6. 66366 3666166661, 6616131111 661 1166131611 36666116
13661111, 6361 661 3166361611166 3611366166 1616616166 16116116 16163611.
(13611611 11 316611 11161166 6111611. 11161. 6. 3116361. 1111. 1. uun.
3111111133.

· 1161 1111611 11 lm 161 3161616.

 

