111. mi. m

1611111111 116

Georgii Gothoirodi Iuniori († 1776, 6136116 611. 1161. 1116166 oe.

1116616. 6. 666116. oi. 5. oi. 1. Ε.36016.), Memorabilia 0661611661
spoeiminibus absoluta. 1111161131. 4.

[66166. 141-14611666). 166 (1616). -666611611, ,16-11. Q 641
-141 1711611, 6. 1617-1496, 6616. 666161661116166 61116 6. 6. Qvo]

361666 1611111166 6111111666, 6. 616666 661116166 61111666 1166111116
iot 6166611. V. 6116116. 16. 111161) 3611666 61611661 1111111616,
Cam. Regiae Borol. Advocati 6. 616666 6161116166 61111666, (1616116611
Fridriciani 1161616116, . . . 111164 6. 616666 1166116. moi 1111 onustius

6166 1166111111 666 666 61611 1166116, 6661611166 1661166666, 6666, 1116666,
Gymnasiis, 1661616666 666 6666661611611611, 16611616616661111616 own-m,

6661 1161666616, 661166, 6. 666 6166661661116111666, 66666111661111116·
611111. 666616 666 11611666» 1. 616611166166661661166666661666. 116666
6111166166, 16 16 61616666 11. 66166666361166 66611666 1106. 6111 166 16 1161
11666 6161666666 6166661161661 66666666666, 661616166611661, 66166 6.
666611111661, 116116 6611 6166161666 1166116166 6. 666 661166 Auctoribus
66661161 61166. 116 111611 616116 666161161, 6111 1166116611 66116611, 6. 61161666
66611166 66616166. 6161611161-1166. 661. 11166111 4 111111.

866. 1; 6611616 666. 1. Qo agie 1161116. 6. 66116. 1166111616 1701. -
6111 6. 1109 J. 616. 6616661166 66666 1660). 9-11 (6666116661. 1674
6. 1666).16-16 (616611 6666. 11161161, 1166). 1166. o: 6. 6161
(61611116, 11611, 6111661616, 666 6. 3. 1636, 1411, 1696 6. 1609. Q 30
-68, 44. 46 16. - (666616611166 61666. 81661166 6. 11116 16666 611116.
Θ. 61-14. - 1111661. Qoyr. 661 Qim. (6661661116. 166. 6161661616 666
666. 11616, 1614. Q 111-169.) 666. 3: 1166661611. (1666616611166.
ῦ.103-606.). 66641 1116616111111011616166., 6. 1336-1603, Q 111
-167, 611611, 666 666 8. 1630, 1311, 1366, 1360 11. 1661. Q 617-
1161. 161. 11111. 6611. 11111111111121311121111. Q 233-235. otoo
1166111 Q ooo-151. 116166. 616 6116616166616. - 166666611611,
166 666 3. 1144161613161366, 1616, 1611, 1666, 1166, 14161416
16. 14661611 116166. 116. 66616666. 11161166 6. 11116116, 616 Qt. 1166116,

1161116666 6. 6666666616166 6. 6616166666 661116. (6611111616, Q 417

-4361-11616 2 1,,11661 1
11616 1166. 1: iiiotitniitffoe 1011116, 666 666 3. 1340, 1661, 1406,
1111111111116111 1,· 131161611616611161 iiiiii:
463-467. 468 1 . (666616611166 164661 . Q 6. 666 6. 6166616666
6. 3611116. 61616166. Q 464 166. 1616611116. .410-460). 11611116
6661111111 6111, 616 o. 6. 1666, 1616, 1616, 1466, 1166, 1641, 1666,
1116, 1466, 1611 u. 1666, 666-466666 fg. 666. 666. 311161. 66166.
666616661661. 6. 1763. Q 616. 1161116666. 661 666661166611166666116.
1640. Q 616. 6161666 66611666. 6666161 1666. Q 636-646. Qdit.
661 66611166. 6. 16111661666 66 666 6611. 1666. Q 646. 66111166
6666. 16114 Q 666. &tiuffi 666 Qm. 1166166166 61611. 1161166166
1669. Q 566-661. 111111. 6166161 1661. Q 666 16). oo . 3: 616166
161 6161166 6161166161661616 6666 6. 611636 116. Q 6001 .). Rom:
6166611661. (6111666111 6.). iim: 11. 61 6161666116666661
(orabitur. Q 614 16). 66. 6; . 661 6. 6666116661. (6 11111. 6.

lo·

66166611666.616661111611166.1.16.”

 

