8111111111 Ι 537

11111 1111111111-111111 1. 1111111111, 111 111 11111111111111 1.
1111111111.

11111 1111111111 111 Martini-&tim 1111111111, 1111111114. 1. 11. 311111
1111111111. 111 1111111, 1113. 1131 1111111111, 11 1 11111, 111111. -·
1111111. 11111111.ι11111 1. 1111111111.

11111 11111111 1111 (11111111111) 1111111111111111 6. 11111111 111
“ 1111111111)111.ι1111111., 111 1. 11. 1111111 111111. 1111111, &dna
11111111 111. 611111, 11111111, 1111. 1111 1111 1111111111 111111. 111
1111111111, 111111111111111111 11111. 11, 11 11111111. 11111.ι11111111
1 11111111. .

1111111111 111 1111111131111111111111111111111 11 11111111, 111 ·
11111 1111111111 111 1. 3. 1733 1111111111, 111 111. 11111111.ι11111111
, 11111111. “ '-

1111111111 1111 (1111111111111 111 611111 11111111 1111111111 111111 vtis
1111111 1111 1111111111 (1. 3. 1173). 11111 11111111111111 111911111111
111111111111111111. in 111111 1111 11111. 111111. 1111 1. 111111.
1111 1111 1111111111. 111111111111 11111111.11111.11111111111111111. 1111.
111111 111111111111111. ὅ. 101.

1 ⁹ 1111111111 111 (11111111111111111111111111111111111111111111111111,

fundationum, statutorum 1111111111 &chamennia 11111. 11111111111.

1 11. 31111. 111 111. 1111111.ι1111111 1. 1111111111.
1111111111111111111111111111111, 111 1111111 111 11111, 11111111 111

1 1111111111 S. 14803 111 11111111, 111111 11111. 1111111111. 11111111111111

1111111111111111 -’- 1111111. 1111111111111111. 11111111.

1 1111111111 1111111111111111111111 111111111111111. 111 11. 1. 11. 31111

’ 111 111. 11111111111111 1. 11111111.

¹ 1111111111 111 111111111111111111111111. 1111111111111111111111311·

111, 1111 11.-11. 31111. 1111111111111111, 111111. 11111111111111111.
1111111.

1111111111111111111111111111111, 6111111 1111111111 11111. 111 111111.
11111111, 1111 111 11. 31111. 11111111111111111111. &taath 1. 1111.
11111 1. 111111. - 1 1111111 1111111111 1. 11111111 - 1111111111
111 1111111 111 1. 11. 31111, 111 1111 11111111 1111111111 11131111.
11 11111, 1. 1111111111, 111 11777 1111111181. 1111111111 111111*
111111111-111 111. 111111111111111111111111. Ι

W 1111111111111111111111111111111111111111111 11111. 1111111. 1110, ‹m-

¹ 11111111 111 14. 31111. 1. 11111111111111111111111 1111111 3111111, 111
1111111 111111 1111111111,111 111 1111 11 1111 11111111 11111111111
1111111111, 111111. 1)111111.·1111111 1111111111.

1 111111 1111111111 111 1111111111111111111111, 1111111111. 1. 1111111111
1113111, 111 1111. 1111111111111111. 11111111.

1111111111 111 11111111 1111111111 111 3. 1111111111. 1111111111111111· ·

111111, 111111. 11111111111111 1. 11111111.
1111111111 111 11111111 1111111111. 1111. 1111111, 111 11111111111311
1111111111111111111, 111 1111 11111111-111111 1. 11111111. ,

 

