61 - 11111111, ’

1119110111171 (μωρίαογε 91111111111111
1(1. 63), 611111. 1111. 2. 31113116. 961—969. 99111. 996. 1001.

1013. p1015 1017104913111111111. 61111.1.(1.30811.111),6111111
(1.434. 1131), 6111111111), 1371)]

811111, 311. 611, 61111611111111131111111111111,11111111111111111
1111111611, u. 1111 31111 111 11111111 11111 3111111111 1111111111,111
ppt Jllustration 111 31111111 991992919999 111111 Publici, 11111111111

1111111111 1111111111 1111111111111 31111. 3111111. 3111111111, 1111
(111116111111. 11111111111111,3111111131111,11111111116ι
11111111, 111111111111111,111111111111 11111 311111311111111111,
1111111111111111111 11111111 1,1111111111-611111,1.111111
1111111 3111111111 u. 811111111111, 111111 111 311111 11
3111111111 1111111,111111111111,111111111131111111311111
Archiv, 1111 111111 011111111111111. 8111111161 1111111111, 111 1111111
11111111 1111 ia 111111111111 1111,1111111111111111 1. 111111 1111113111·
1111, 33111. 111111 1. 31111, 1733-33. 991. 3111 11111 9. 311,

111111111111111Ἢ11111111 611111111111 11111 11111111 1111111
111, 111 11111111111111161111,111’1111111111161111111. 8111
11111111111161111111111111111111111161111111111111
31111 61111111911111111111, 111111 111111111111111111191331111
1111, 81111. 1.1111.,11111 81111. 1, 3111111661 1,111111,1111117.,
1311111611611111111111111, 311111.11,,11111111311111,31111111,,
3111111361161111111 311111,3311,1,.)1 1113131111111
11111111111111611 0111116111, 1111111111111111,
1131349-1736 (111.38-31,411711.1.13.134911 13911361.
-384, Ν1,64,1111,· 1,331461,·,ἳᾲ413111111. 1411111113 1696,
111. 1111111 111 11111 111,
(11111111. 1. 116319671111131, 13..191,ρ,963.111.99-99,
1111111311,,111-1131119116 11949, p. 1091 fp'
1311111111 111, 9 1960, p. 1163-’,1179 1111111111. 9. 1960,
pp10191 Νιῖ111,111.11911,ρι.111(1Να,111,1111,1.1131’
1911¹Ns9 31116161116111111111
1.1131,ρ,1111- 111117111111111 1966, p.1161 111 '.Nr 111,
1111, 9. 1966, p 1111( Nr. 111-’111 11111 1 1960,pi191¹1-1919
Nr. 333, ur'r. 1 1961,p ,1351 11. Nr. 311 11, 313, 3 111 11 1363
1377-1383 111,314-316,3118111,1,1364,11,381-1394,111.368,
111. 9. 1366116931.171269-196,411111,1136711691ἂ1391
-199911, 387, 1111 9. 1371, Nr.304,1191.9. 13731111. 111
6111111,ρ19311111.1ία.9’13-911,111111111111311-1969.
11131318133117111.1374,11 1363- 1373 Nr. 31111, 316, 311ῐῖ1,
9. 111431113177111831Νι1411πῖν’1171419η311423-’1141ἓ 111, 369
199² 9199199 111. 91151219119591999191: 36
11·-1,493 1196, 111398, 1111. 9. 14631111111.Ν1,410,1111.1, 1473,
1121- 1536. Nr. 499', 991. 9 133111393111) 9911. 11131117
31131111111111111 1111111111 111 111,11111.1.1366,ρ.17,
1111) 1111111111 611 9111111311111.6111311111. 11
11111111,63,111.1.1637,ρ1033 -111611111111 111.
, 011111. 11919108. 3111311111, 6 1111691111,1,1369-1331
(Nr. 13-14 3111 1,,1,1961969-971,1116,11111111196111

 

