384 88718...

1. ὅ388383. 111, ww, 333. 11111, ι. 388383. ΜΞΞΞΞ8.
1811. 1. 388383. 11, 311. lx, 338, 111,
1. 83113113. n. 168. 11, 188. IX, 811.
338. 11, 431. 111, 138. 838-331, 1833.
11111, 388. 15⁷8. 1. 3883113. 1113640118.
1. 3883113. 1, 884. 111, 111. 1111, 1. 8813113. 11, 181. 111, 486.
¹³⁹⁶ 1813. 1. 8383113. xnlffi. 418.
1. 3883113. 1111, 888. 11111, 33. 1888.
1 388383108818Ῠ8α ¹' mmm I’ 414881.
’ ’ 1888. 1. 3883113. 111, 331.
1. 8383113. 1, 886. 888. 11, 111. 1, 1608.
383. v1, 441. 11, 488. 111, 383. 1. 3883113. 11, 348.
1. 8418311311171618618. 11, 811. XI, 1.3311311113.111,168)89.Ι
mmmmmm m
118, 133. 1. 3883113. 11, 33.
1. 3883113. 11383889] 331. 11, 338. 1. 3883113. 11146412] vn, 483.
l. θαὶψῒῒῇ. 1,888ῗ31’11,188.11,888. 1⁸ ΜΝ. χχχιῐῗιῖὀι.
11, 388 1111, 311 1111, 383. 1⁶1⁵.
1. 388383. 1813ῗ11133811118. ¹· mm· Ῑ· ffiffffl’ ⁴⁸⁰·
³1³· 11. 81.ιέξὲ xvn, ³2⁹· 1. 3883113. vu, 31.

1.,81883411138184811113. 11, 338. l· baum· vl'lffi·

⁴⁷³· Μ’ {225 ι. 388383. 11111163ἷ33.
1. 3883813. 111433-8381113413, 1838.
m. Lmfflmmstm
1. 8383113. 1433. 11318. 111, 383. 1833.
xfl, 148. lm· 1. 83831113. ΙΙ, 3231.
1. 8333183 11, 118. 11, 888. 881. 1. 8883113. 11, 119.
11, 887-880. 1634.
1881. 1. 8833113. 1111, 883.
1. 8883113. 1, 33. 338. 1883.
. 1. 8883113. xm, 488.
1, 388383. 11116443ιῆ.
1884. 1. 88113113. stig}
1. 88 183. xil, 381. 1111, 348. 1844.
Ι’111 , 88. lm· 18883113. 1118348191. 111, 188. 116
831181· Π. {gg-⁰· 1· 8111111. 11Πί64652
1. 8383113. 11, 818. Χ1Π7 418. 1. 8333111. Ι, 841.

 

