111. 1111111111. 121

1111111111 1111111111111111 111 1111111 11111111011111111191111111111
11 111911111, 1111111 111111119111111111 1111111111 1111111111 11111.)

1111111111 111 Indices 1111111111 im 101111111111161111011111 0111110111
Copiaria Brandenburgensia Nr. 41. 1111011111 101 1111111111υῲ 1111111111
1111111 1111111119 ex 111111 1160-1445. Vol. 1. Index 111 60111111 Bran·
denburgensis Nr. 4. 1011111111 1. 1111110110 Vol. 11. 11111111. 1118119111. 9³
1. 14, 11 1. 1111111111). 111 11111111 1. 11111111119. (11111). 9. 11111111.

(1091110 iurium, priuilegiorum 1100111111110111 1011011111 1111011019. {m
1111191.111111111111110111111111 9. 1111111.

ὓ.111111111111110101111)1 Θ11111ι111111111 111 1110111119, 111111 111 111
111111 11111 &maestum 9111011111 1111111111, 1111101109 119 91 11111,
011111111111111111110111 1111 9111111191911 6111111111 1111111111, 1. 111
1111111111, 11101111 1. 1114111111, 111111 111111111 1111 11111111 911111,
111111191111111 1111111, 0111 1111111011111110111111111111111 1111111111.
11111. 1110. 4. (110 6.)

16. 41. 14-01.14-11. 11-11. 11-11.9419. 104. 10019]

1111111 1111111111. 1111 111111 1111. 6111110111111 1.1.ὓ., - - - bura,
11111119. 3111111. 111111111111111111011, 111111 1111111111. 111111. 111111-
1101111 - 11111 311). (1111. 1111111111 111111). 8101111. a. 1. ὓ.
1106. 811.

99111119 ,1111 11111111111111, 11 111111116111611111
11111111. 111 9111. 1111111111 1111 1 111111 1111.1011011111,1.3.
1161-1411, 1119111111). 1191. ὦ. 1-11. 1419. 16 19. 11. 33-36.

1191111111111111911111111111, 111111111111(Ξ1111111111111 111 11111, 111111

111 11111 11111 111111 11111111111111111 9111111111 1111111111 1111111111,
1111111. 11111 111111111111 10911111111 1111111111 1111111111. (1111101
911. 1166. 4. (66 ὢ.)

[1 11111. 1. 1169-1461 1. 11111. 1191. Θ. 15 19. 19 19. 161931. 3119.
811911τὲ11ῗέἑῇ 99. (911. 1161. 1 1634),111111)11111 111 111101119111111·
111111 11111 1. 111 110111 111111 1111111111. 3 111. 1111111. 1119-31.

[311 111 1111111111, 01111111. 111 1. 11111, 1111 9111111119111111111,
111 11019111 113. 1109-1631, 111111 1111111119 111111111191111111,1.
1101 gum 91111 111111 11111111 1311911111 0111 11111111 (1111111111.
1391. 11 111. 1: (1319. 1419. 16. 11 (11111111). 11 19. 31 19. 34 46
11116111). 61 19, (Lm). 11 11196111111-11, 1119. 11-14.
11 16111). 101-113.111.111 f . 119 ( 111). 119-111. 101-119. 141.
14119. 141 (1111). 151 u. 161 (gun). 11611111.) 16919. 114 (1 (111).
111-110. 111 11111.) 191. 101 11111). 11119. 111. 110 1. 111 (611).
111-110. 111, 11119144, 141-340, 311, 100, 011 611.).11019111,
110, 111, 111 (611.). 30119. 10019. (611.).101. 413 ,411 19. 14019.
141-441. 441-401. 411 19111. 411. 411-491. 101 19. 100-101. 111
-519 598-590. 5³7 giso.)- 546. 1146110161. 513. 151-159. 164-
566. 566 19. 191 19. ( 11). 609 19. 616 19616 ((111.) 611. - 99. 11:

1. 4-1 9 (611.). 11-11. 19-99. 14. 11 19. 11191019. 11119111

-163, 190 (1111). 156-166. 164 ((111). 161 9.106-1ο1.16619.((111.).
11019. 110-111. 1111611). 111 19. 111-191. 101-110. 114-111.
141-111. 414-111. 411-411. 141-141.-110.111; 6. 41 19. 11, 01,

11

 

