222 1121212222

2. 6211121222, 11. ὓ, 2122 1122221222 6221212222. 1121. U. 22111212. 2222
222 112121221212222212222222 1121222111 22162. 2211 2222 11212222 22122122 2·
621222 1222222122 221 2222 6122122221222 22222. 11222 221. 2. m: 2112
111212ι12222212222222 22111. 1121222. 221 1212. 2211 2. ς112. 12212212 2111222
1222. 112. 4. 1222112 21112112. 1861. 22. 8. 1Χ111.286 6.; 2. 212 1222222
2222. 2211122. 221222. 221 212. 2211 2.112..122122122,12122 2122, 276 6.)

6222121, 22.112.,111222212221 22211222 12211111. mie 212211121122212222 1786.
2222. 2212. 6222. 22221222 6.). 2122. 21-42. 29-22. 222-22.

61222121, Q. 2112, 1112122. 222 222211122222112222 221221221122222222 1211 222

3211 2212221121 221 2122122. 21222 221222111222 6221122122 21212221112222
321222222222222222112111. 11221. 1862-1821. (618 6.)

[1. 62222211222222 222 1785. 22211221 121122222212222112121
2222121222 821222. 2. 1212. 2. 121222 2112111222 22222222 2. 21221222
11212, 122212 222 12212222 2211 81221122 2. 2212111222 2222222 12212. 1121.
221222. 6. 105 12.; (21222212212221121221221222212221121212. 11. 2784;
6. 121-223; 222122222 22112111222112122122122.1782; 1. 186. 6. 296
-3102 6222222212. 221 2221122. 2121122222221; 6. ass-360: 211212
3122212222. 212211221221.) 6. 1-122. 11. 1222 22222221122 &cithu
2222 1826. 122212. 211222. 6122. 2. 62212212 222 22221. 1221222122 2. 2112
2111222, 122212 2222 12222222 122122. 2222222122 212 3 22221. (2212221212 Qum
2222222112. 2122122, 2. 2222222122 122122.. 122122122221212222221αὼε
12122. 62222212. 622. 6. 224-212.212-222.222·222,122-422.222
-419, 212-512. 521-522. 526·5211. 237-221.).6.123-248.]

21222222, 11. 12. 6., 62112122 22221222222222 2. 6212122222 222 222221,
22122221222222 2212221212 2211221221 1. 2. 8212221221 221 622122, 622122 222

11222122 2. 1. 12. 2 222. 21221. 1836-1888.

ἓ112. 1: 2112122222 62212211222221 221 11.1121222.12112. 1., 2222222211. 1.
21122221122 22 2. 12222121. 2212212 2. 6222122212222222. 6. 17-37.
2221122 2212222222. 6122-117. - 2221221122222 22111. 221222.
211112. 2. 212. 1687. u. 2. 6222. 2221122122122 2. 11122112 22 hen& 6. 224
-226-211222222 21222212 1221. 1122111211.) 2. 22222222 22122111
222221 8212221221 2. 1112, 2212. 2. 2222212212 122 922. 6-1. 6. 232-
217. 275-285. 212. 2. 221222. 2. 1112. 22 1212211221221121122,2112.
222 6221222112. 61313-369. 62212211222221 2212221221 2. 62. 6. 373
-421, 22. 2. 221222. 2. 212. 22 1112122212. 6. 112-427. 11222. 212. 2.

212. 2. (22. 6. 422-222. 222. 422. - 222. 2; 2222222222 2. 212. 22. 3

212211222221,11222222. 2122. 2212. 2222211222122, 21222221 2. 2. &abs
girtltffinbft. Q} ἓὸὧᾚώῧῗ-Μθ. 452-488 (221. 392-102). ffit. 1).

2112222221, 11. Q. 6., 22222222 2222 6212121112122222 221 8212221121 221
2122122 21222212212222, (2142-1786.) 2211 211122. 2. 21222222. 2222122222

ἷ2112211222 1122212111 121221 1122221 2111121221 122 211222 6212222222. 32122.
⁵ 22. 1642-1612.

[2211 221 12222 62112 21122 32122 22112222 1221121212 2. 221222. 2. 62,
122111 2211112221 , 122111 221222122112, 122212 2222 2122122212. 22 821222.
- 2121221212 2.ἓ2212211222221 22. 1. 6. 11. 268 12. 272 1112. 2. 6. 270 12.
ffib. 3. 6. 21) 12. 95. 135. 206-211. 214-211 (2.9]11111.ἵ711212’1212
6222 22222. 222. 242-222. 222-2222222221. 222. 222 fg. 22222212.
3628. 327 12. ]397-422. 112-426. 1121222112222212221222. 112. 2.

 

