1111111111.

1187). 11011. 0111116. 131. 0⁸3. 11. 6. 111111. (b. 6111111111·

1111111111 111. 1111111111. 11. 1111 1111. 1111. 1111). 6111111111 6111
11 1111 1 111 1111111111 . 1111111111111111111 wll„ lus
1111 111 11111 1111111 11111 ut 1. 1111. 111111 11 111111111 1111111111 1111
11111111111111111111111 611111 1111. 3111111111111 1111 1111. 311
11111111. 1111. 11111111 11111111111111111111. 1111111111
{Q} (ἓὶέἒὲἒὲἑίὲιᾷιῗὲἓέη ῗὲιξῦἷιῇἶὲιιξῦἷῷι 1111111113 111111.ἓοῖἷῖ
rma 1ones; .

11111111, 311. 31111, 11111111.11111111111 1111111. 11111111 1111111, 111111
1111 Theatrum, 1111 11111111, 11111 111111 111111111111. 1111111111
1111111111 1111111111, 111 11111 111111111111, 11111111· 111111111111111111111·
1111111 1111111111111, 1111111111. 1111111111 1111111. aas 1111111111
1. 1111111111 Historicis 1111111111, 1. 1111 111 11111 1111111111 111111111-
tis 1. 6111111111 in 111111, 1111 1111 111111111111 111111111111 11111·
111 Publici 1. 111 11 111111 11111 111 11111 1111111ἱῇ1111 1111111111 01111-
111111111111111111. 3111. 1718-19. 1111. 11111.

11. 1: 1. 111111. Q. lou. 11 (1111. 11111111. ἐ. 111111. 11861. 11
3111111111111ἑ11. 1111111. 1119. 167 ( 1111111111. 111111.
Brund). 1. 11111. . 101 (1111. 1111111311111. . 1111 ,101 (111.
1111ἷῖ 1111111 4151114 31Ῐ1111ῐῐ1111ῗέ111ῑ1β111 1 1311 1111011111.
511111111111311111111111111111111111111
8.τ176(11111111111111. 111. 6111111, 111111. {itanum 1157). ·- 11. 11
3. 11111111. ὕ. 6 (1196). 11 (111111111111111Β1111111. 11161. 11
(11111111. 3111111111 11. 111. 1191). 4. 111111. 6. 111 11. (11111111
1. (1111111111 111. &giem ffiraubeub. 11.11111.1137).371-311
(1111111111. 111. 111111 Ι 1111111.. 1. 1111111. 1131111111. ἐξὲξ 35:32⁶ss
11116111)1.3111411.(111ἀ1111 1111111111 1. 111ῐὲ1. 1111111. 10111. 1111). 111-
1111111·111-11.1.1111111111111· 111·
· ι ι r . . 0

Rssffiaest, Ξς 11. 31111.1 1111111 1111161111 11111 11. 1111111111 Ι. 3111
17 . .

[11. 1. Q. 11 1. 11 (1. 11111111111111ιῦ111111,1111111111111.3111
11111 1. 111. 1. 111. 11001. 11111111111111111, 1111111111111ἷ11111111.
11111111·13.1111111111.1111111]11111111
111 11111. 1111. 111 1111111111 11 111 1111111). 111. 167 (11111. 611.
1111. 11111. 1111. 11111111 11. 111 1111111111 111611. 1. 1111111.
111. 111111. 11 1111111111 111111 111 111111 11111111 111111 1111111111.
11031. 176 1111111111. 111 11111. 111111 111 11111111.11111111111111111).
1111111111.11111.111111111111.”111ῗ 1111111111
1111111111 11 111 statim. 1111111 111 1111111111 11 1. 11111. 1111111111 1111.
111·1ῗὲ11111111111111111111111111111111111·ἓῖἓί
Ξεὲἲῐὶῗῖιὲὶταῆη. 111. 3. Q 111 (111111111111 11. 3. 111111113111. 1.

11111111, 311. 31111, (11111111116111111111111,111111111111111 111 111
publicum, tondale 11 aeclesiasticum, 11111 1111 ceremonia! 11. eutium· 1

 

