01. 1111111111. 811

0111,1111110111, (11111111. ,111111 1111111111. 11111.1133),11011
8861011808008118810808118818088808811118111888811118888118118081818388808 k
,4111 6 1043 (11111111 1111111 11 1111111111111300). 8. 3111
6881100111111110111111001111.133).1400 (1111111111 111 111·
11111111).13110.1111818111-111111111).11111111]

60101011, 011. 31. (1 1730. 011. 01111111 11110. 011110. 6111111.

0006.1311,11001111111111111111 0111111110.61111111011.0011. ⁴

11111. 1700- 00.

ssfafdessf1ll'5ffibwb'l 0111 6101.61391111111111111111111

(310. 311. 60111111.) 0111111001 (01101011 11101101011011111011·
111111.1111111011011110.1736-31.4 00011.

110, 1111111.1.11 311111. 11, 6. 170 (0111110111. ιι. 1. 11111101.
ιιι. 1060). 8174- 170 (0111111 01.1111111 0111101111οὶ.
1. 181111, 13011176 111181. 18111 quoad. 1111111110 ot 1111111
ῧι1111111,;,101 0111110 1111111111. 1308). 177-130 (0 11111. 0111. 111,
111111. 1· 011 1111110. 81111 ,11111111 113011
13ὄ10).( 133 (11111. 10111111. 131181. 8111111 0118οᾑ1. 101. 1. 011111.
080088818811880118 188818181ω88,ι ,888881ιο188818 18 08188 8181188(111101880888184618888ῑ8
1001011111111301 0111110. 011111. 6011111111. 1110..

(11811. ιι. 11111111, 0111181188 1111111111 1111111310 168. 1111111818·
1111133ιο 1111. 1111111, 13141081- 11, 111, 33- 40 311111. 011
1113111.1.3.111111.ι1181 1.13048111(01.011101111011
111111, 1.,01111111111 ,0111011111 701. (11111. 111111.
Β1111818300.7011..(1300) 71-801.60(311111.0131111.11οι1.1ιί1
0110111011 11.81811110,1111,111111.11.Β11111307).101(6101
1,1111111111111.1331).11311 311101111110. 011. 111111. 1334),
11411. (1111. 11. 110111. 01. 11 1111. 1334. 13011. (1111111111, ἔξω.
6818818811.13001130-14011111.11101111.1111118811081108800110188
1300). 14318. (1111. 1. 11111. 1. 11111. 01. 1. 01 1351). 173 (31111
011111(11 1. 0111111100 133140701011111111 1111111313).
1818181818 8188 3881801018081800808801. 81808181181180818811808883018088 10838081] 8888 888

1111111111011111300).13401101

(60111111, 31111.) 01111111111111101 0110110111011111101111011110111 ’

0111111111. 0111 181111οι1. 01111111011111, 1734-1310. 4. 0011.

11.01.11111.1,11011.11111001101111.1.1111110111.6.710 (luch
11110111.1111111111111.1107),]

1. 61011111, 3. 1101, 011111. 6101111111. 6111111. 111111. 11111. 011. 1111
1.ξο18181811,3.0111., 0111111101 11111111101011 1110111110011111. 0111
111111 111111111110, 11111111.1314. 4.

1001111110 6. 10 (1033). 33 (Anna 1111111111, Β11111111., Luat.
111111111111111111. 1303. 13031]

s 60111118, 0111111111. 1111111. 11111. 0110. 6, 307.
ι 6101111011, (1. 10, 0111111011 1110110111 1111111111111111101111111111

1011111111011610111061101011. 1.-6. 6111111. 11111110, 1700-70. 4,
[1. 6111111· 0. 11 (11111111111111111. 31111. 1111 11111.

 

