616111 196

1111111111. 111 111. 11111111 1111911111. (11111111.) - 16116111, 11111.
(161111611616111611111661111611616. T. 3. (11111111.) - 3611161111
’1111111111 1. 11611111116 06111111. 61 urbium 116161. (1111111.) - Β611611,
Ionum. 11611. 161. (16111116. 616. (11111111. 61111111.) 11111111116111
1111111111. 6. 676 11. - 11111111 11111111. 111111. 1111111111. (11111111.
11111111. 111111. 3111111111.) - 1. 61111111. 61111111 111111
611111 1111161111111111. 11. 61. 11111. 1699. 111. 1. 6. 1111111111.
6611111111. 17. 11111. 1699.1. (1111111111.) - 61111111. 1111111616
61111. 11111. (11111111.) - 11111111, 111111. 1. 1111111. 1.1. 1. 6111.
(11111111.)1111. 11116. 166. - 1611111) 11161111. 1111111 1111 111
6116). 6111116. 11 1 1. 1. (11111111111111111. 11111111 1 (bah
11111. 11111111. (611111. 111161. 611111.) ·- ffltnun, 111. b.. 1111
1111111111111611111 11111 1111 6111111 1311111111. - 1111111 1111111111
81111111 fit 1716, 1716,1716,176711.1766. (1111111111 1. 1716 (111111
111.) - Β161111, 11111166 Julian, 0111. 11οηῦ1111116 Comitum 616. 111
1. 1. (11111111. 11111111.) - 1111 1111111111 111111 Η11161161111111111·
1611131611111111111111101161161, 1611 1111111 6111111111 1. (11·
111111 111 61111 ι11111 1111. 11111. 6. ξς. 1. ·- 11161161 61111111,
1111111. 61 Anu. 11111161111111111. 1. 1671. Τ. 1 (balbum 1. Lib.
111. 16 (11111111.) - 1111611111, Fu. Ε11.,111111111 Dei in 16611
11616111. 6111111111 11111 6111111111 111 1111111 11111111 111 111111. 11111.
6111111111.1717-1761.611. (1111111111.) -‚ 1116111111 Epist.
111161. (11111111. 11111111.) - (61111111.)66111111161111111. 61111
11111111. 11. 1 61. 6, 1111 611, 11. 3 61.11(11111111.); 11. 3 61.
711. 11 (1111116111.1611611161.116111111111161.
6, 1111 61. 1. 61. 11. 3 61. 7611111111 11. 661. 6 (1111111

· 11. 1 61. 9, 11161. 1161116. 61. 6. 6.11(111111.);11.1

61. 6 (1111111111 11. 1 61. 6 1. 11. 1616 (1111111 111 61. 6,
11. 1 61. 1-6 11161.. 11. 1 61. 1 1. 1. 1-11(611111); 11. 1 61. 1
1. 11. 1 61. 16 (11111111 61. 1 61. 9 (6111111 11). 1 611 (1161.
11111.) - 11. Lauda-Dei Valeriani Brunonis 6111111111 111 61111
1111111111 1111111 1111111 1. 111111 31111111. 311111. 1711. 1 111111 ,116-
11116111111 1111111111, Qua 11111111111111111161161111111 111 61111
111111111116111]Ι 311111. 17111. (11111111. 1111111.) - 111111,
111111. 1. 1111. 61111111. 11111 6111111. 1111. (11111111. 11111111.
11111111.91111111.31“1111616.) 1311111116. 16011. - 11111611,
11111. 1. 61111. 1. 1111111. 1111111111. 11. 1 1111, 111. 1 11111. 161. 6
1116111111. 61111111. 1111111. 1111111111 11111. 6 1111. (111111
1111161111111111111. 11111111.) -· 1111111611, Ρ11111111 diplomatica
(1111. 61116. 1111111. 101. 1161111111.) - 11111111, 1111, 11116).
1. 1111111. 11111111. 1616-61. 6 1111 (1111111.) - 6111111111111161
1111111116. 111111111111 111111, 1111111111. 1111111 1111611111. 61111616 111
6111111 1111111111, 11111111 11 6111111111 1. 1111111. 61111111.
1611. 1. (61111111. 61111111. 111111. 1111111111.) - 1111161, 6111-
116116116111.1.(611111.) - 61111, 111111. 6111111 111. 111111·

 

