111611111116· 11

666666 1166616661 661 1666 116111. 1166616116 166116 6611666661166 6.
ex 1161616616 (1666166661 6166116616 66666166 6. 66116616 116 06161616-
sehon 111111611611166666661616 6666661666 6616666661161.’ 66611166. 16
aot, 1166116 161. st Nr. 6. 16 1116161616161666 666661. 1. 1111116116. 161
3666116611. &mum 6. 1166116.

pie qssbfdgr· 66116111 661 15 111111, 66116166166616166611616 1 61661
6666 1611. 616166616116666111616 666 11411611. 666 66666666. 16161..
im 666666 vom 3. 6666-6666 (66. ugnas-1298: 661166, 61.
laos-1396: 911166, 61. 1101-11996 56 66, 1111501-16116 151166,
fib. 1601-16462 11166). 116166166161166 (6.1. 3. 1111, 1160, 1199,
1691,1616)661666 61616661116166616616666.1161 1116 66. un
1661661161166666 161 61611661 1661 66 1666161166 volumen 66 6166 6666661
666611 666666661161. 661111 &- 66. 1161. 661. 11611. 1166666661.)

(1116. 66666 0116666, 11661611. 6. 1161116611, 16661116 6. 01111116,
1166161166 6. 11166166 161 (1661116611 6. (1661166611, 6. 8611661166, 1116166
nabutte) Apparatus Diplomatico-Historicus. θ166116666111616 6116616661
666 1166666 1611666 611166166116166611116616 1166116166 16616111616666,
0661166666, 116666616616161166166, 6661611116 1661166166, 6616 6661 66·
16666 6666 Statu Publico 66116666 1161611166, 1116166166, 6. 116111 66
16661166, 6166 6616166 666 6666616666, 6661666 1166116 6166 616 6616661166
51611166, 1666616666, 616. (1790.) 1161166116666. 1. 11616. 36
1661166611 66166111. (1131.) 1161. (106 (ὃ.) 116116666166111616666-
11661116166161616. 11161161166116666. 116 11616 6611661 61661661 6116666166,
6616611616 66166116 166161ιῡ61666666 6. 1116616, 666661666661666
annorum 6616666666166666 1191. Bu 1661666611 66166611. &ot (16 Q)
116116666661661161666166-Η16166161616. 111161166166116666. 361116
16611661 6116616661, 661666116111 6666166116, 666 Historia 6. 6666 ,166616-
blico Pomonniae 66116166116666, 16 666 161661 1616611666 6661611661.
1161611 11. 16116666, 16666 66116666 6166 1616116166 6161661, 6161161616666
66616661161166, 666661666661666 annorum 6666661616 1166161ιῦ1666666,
11611616 666661666661666 materiarum 61666116111 6. 66661661 6666166 116666.
116 661666 16111 16 116, 616611666661666161161 161166161 1166666666, 6661166,
116 661 161166361166,116 6661116166111616 1161166666, 6. 16166 66111666
16666661616666666161 6661666616, 16 6661611116 ὓ616666 11661116 66661
661 1115. Bu (1661111661166166611. 861. (96 Θ.)

[116. 1. 1611666661. 66111111 6161161166666116611) 6. ξς. 166-17911661.
(6. 3. 6666-6666 6. 66-66. - 6. ῖς. 6666-6666 Q 66-666), 666
666 66616.6666666,6666666666 -
66. 61666ῗ666866,ἓ6616616,6161166666 6. 161. 6., 666 161166 6166 661
11116111 111111 1111611661 11161111111111

-—..-.....--.-

Ι1 1166116616 166 1. 1161166116. 111 11. 0. 661666361661661Λ16616611θ. 1166. 6. Bal»
616166,116 611. 166116116161169 0666666166. 11 61611161611666 ,6861116166
Mn 116 inam? 616161 1666661. 11166666611161666. (6661666166 (paup &assanz 1. 111·
16611666161661611666 16661666661116666661161616.1.Θ.161. 111. 6ι ’61οΗκῶ
ιῶἃὶέυὲηῐῧιιιὲηῐη( 61. 866116. 11111), 611616 661. 16116116 16116 1 Q 610

 

