m ⁸ mmm

3717. 0. θ7101ι177,3107., nonnum 7011077777. 0770010000ιο 10700
10111177 773 7710011777 000173 777 0170170 000 3011770 0. 73770οι70
170 000 7171707770. 0717777111. 071177. 7. Q. 1343. 07. 4. 7. zita:
1100000070 70007000. 1. Documenta. 10100770 primum. 3700. ΧΙ.·-ΧΙΙΙ.

Halia Saxonum. 1343. 07. 4.

18 177 (nrt 0107000001107017. Brund. 7. 077. 3717171773). 131
( . 110707. 37000001). 1777)]

1777. 7. 1711101071, 11077, 0. 1770010000, 11οο0700070 301107ιο0. 07-
kundenbuch 707 0000710770 000 1100700 11070070οι70. Berlin. 7347-33.
0 300. 07. 4. Q 001. 00170οι0770 0. 30700. 0. 1113707770.

[30. 1: Νι. 74 (71000107. 1107017. ops. 1133). 17 (301 07. Brund. 307.
131131133111011711171111111.. 1711033·

707 (0. 100003101οι. v. 37000. 1773). 703, 710, 347, 300 0. 373 ’

(077011070737000. 1773. 1730. 1737). 470 (0770, Herm. 07 11010-
7101107017. 1170001733). 647 (7100000 11071οι. 7370001370). 377
01ιοοι10. 110701. 117000). 063, 373, 671, 630, 633 ιι. 041 (7000717.

7017370077 1373. 13741370. 1373. 0. 1373 0011 1. 0701011110 1107-
ψώο-Μο00000οΜ00000
137-160, 167-104, 163, 715, 734, 733, 797, 313 11707177. 1107107. 7.
Brund· 71. z. 1700117. 1333. 1340. 13431346. 1347134013491300.
1333. 1307). 143 ιι 156 (3οι gr. 1017000 v. 111707. 717 3700770000
d. 11. 3700013461. 763 (1171. 0100007100. 1361. - 3710731717.
1170007. 10077. 011οι007. 0770). 343, 367, 363 ιι. 403 (70007. 0101.
Rom. 1177017. Brund. 1330. 1361). 330 (dio 11071707. 7. Brund. 1373).
477 (10007. 00701137. 0770 37000. 0710077070 700707. 1367). 474,
436, 499 u. 093 (Otto 11. 7. Br. 1361. 1307). - Bd. 47 Nr.1,2 1074
(170007, Rom. 11. Βι. 07 1000010, 3.11.1.070171000707. 13631304).
33, 30, 177, 173, 107, 137, 710 0. 337 (0770113000. 1366. 1367.
7363. 1371. 1373. 1370). 33 (1700071077, 11770οι. 7. Brund. 0. 7. Lu·
0107. 1366) 7377 07 777 31711 77711711, 771007. 10 Bd. 3 0. 4,111703
0777707ιο 1377170 07 0777070, 0117771 ιι. U. 70717707 0. ιιιιι im 303·
000701107717117· 100 077770 00 710107 17711. 0011111071 07 7770 077
007003770071010011701071100 1. 30171077 0171111307 101οι 11. 0.
300306100730701107 033170, ιιι 3101. 7701. 0177. 0030701107 ιι.
10711701. &fi 1. 0001100130701107, 107717 003 7707 1. 0. 3010017007
773 1007007717. 0707770.)

(J. ὅ. 713) ’170174 000007070οο00007 01 00 0077007 007100000077100 0077000
000010 00770 301101. 10 70100 170000 07 300 3170700 30700107. 10 Princo
0070000 07 00 1100070. 1737101.

7177777, 3. 3., 3171170οι 007 0717110117 7. 017070077371177000 17 777 3117770
1777111. 6. 73 (37717100, 11111101 000 37103. 1377).

7101, 017. 3770, mie 371770 0777 071110 1177 717 7707117 370013071010117 ιι.
11011111. 37100.

[1314117337 ὕ. 16-71(60001707707071000707. gu 7. 3071770000.

17. 0001, 31011. ιι. 777170, 016. Suu. 1313). 133-130 7011. 0.
3110007001. 7171370104). 306 1οἑ117171031371777. 11 .111.

7οω00-0000.00οωω3π7
70. 3100. 1313). 33-36 (37011. 00. 0770177 ιι. m 7707. 07070 317170
1317331’171311311111111110113317311313ξῶ

 

