1111 11111111. 191

111. 11. 1 1111111. 111111, gob 11111111111111111111, 1111141111,
1. 1111-1114, 1111. 1. 111111 1111111111. 1111 1. 1111111111
merit: ,1111111 1111111111 1111111111ιοῦ111111, qoi 11111 olim J. P. 1

Goodling!⁴ 1111 111111 1 (Ξ. 1111111111 1111 31111111111111111ἒ, 1111 1.
11111111111111 „Index doplomatum hoo 1111111111 contentorum! 11 11111.

1. 1411 1111. 1111 11111111111111111111111111111 61811111111 1. Sos
11111, 1. 11111 111. 11111. 111111 1111111 moeson& m 133}ssss

11111 11. 1. 111111111111 1. 1111111111. 111
111 {oborto ῧ111111111, 111111.1.,111111.11,111111111 1111111, 1 111
111111, 31111111 1., 3111111111. 1. 311111 111111 1111111111 11 1.
1111111111 111111111111“1’“1 1111111111
1111,111111111111 111 11. 1111111, 11111111111 111111,
11111111,111111, 1111111111, 111 11, 1111111111 1111111111,
ῧ111111,1111111,1111111111111,ἓ1111111111,11111111111111 11
ῦ1111111111, 1111111111 1111. 1111111111 1. 1111111111, 1111111111·
11111111 1111111111111 11 1111111. 11111111111111 11111
11161. 1111111111 111.

Nr. 111. (11111111111111111, 1111111. 11111111 1111111111111111111
111811, 111 1111 1111111111 11111. 1111111111 ,, 1111111111 111 Bran·
111111111111 01111111 -11111111111111 111111 111 111 1111111111 1111111111
111 111 11111111. Archiv 11 1111111 1111111111· 1111111. 1. 111111 1 11111.
111111111111. 1111111111 11 1111111111111111. 1. 1114-1111. 1111111.
1111111111*11111111111.1111111117,1111111 {32
1111 111, 31111111 11., 11111111 11111111 1. 1111111111, 1111111111
1. 11111, (11.1. 1111111, 11111111.11111111,111 11111111, 111
1111111111 1116111111 1111111111 1113. 1114, 1111111 1. 111111.
1.Θ11.,.111111,1)1111111,11111111111111111,111111111111,
111111 111 1111 1111111 1. 11111111, 1 111111. 11111 111111 1. 111
61111 1111 111111 11, oin 11111 11111111. 11111. 1. 1. 111. 111111
11111111 {toto . 11111111111. 111111. 11- 111111111’1111111.ι11ι
1111111. 11111. 1. 1111. 1. 1111111111111111.

111. IV, 111 111111111111111, 111 111 111111111111111111111111
1111111111 11111111 1. 1111111. 1111 111111 11 11.111.,1111111. 9 oto.
111111111111 . 1111111111, 1. ἓ. 1111-1141. 1111 111 1. 1111, 1.
ἕ. 1111111111 1111111111, 111 11111 111 111 6111111. 1). 1., 11. 1311,
111 111 1111111111 ,11111111111111 11111 (11.8111111111111111111111111111.
11 {om} 1111 111131111111181111 1111111111
(in 111111111Β111111111.); 1. 4.α 1111111111 „Copia 1111111 1111111111111 ot
11111111111111111111111111111111111111
gonwudo“; 1. 6 , 1. 3. 1344, (1111111111 „copia 1111111 1111111111 11 copl-
1111 11111111 Brondeob. 111111 unione 11111 111111111111111111“; 1. 1., 1.
3. 1144, 1111111111 ,011111111111 Volporti prioris ot 1111111 Johaon in
11111111 1111111111· compositiones superterram 11111 1111111111οῆ 1.
1111113311 1 ’11111111 1111111 1 Μ110111111111ῗ
1111 sopor 11111111.Ι 1111 11111111111111111 11111111Ρ 14. 11. 1111111
1111 111 15. 31111. 111 111111111111111111111111 111111111111 11111.
111111111. 11 loton. 1111111, 111111 11111111111111111111. 11111111
111 1111111111 11111 11111111111111 11111 1111111111 1111 1111111111. 1111
11111 1111111111111111. 111111 111 11111111 Ι .

1. 13111111. 11111 11 1111111111111 111, 217 Θ) 1111 11111111
1111111. 1. 1111111111. (11111, 1. ῖς. 1111-1111, 11111 11 1111111

 

