616 1161661611.

[661661 11116 1611111611.1666111661 616 11 11161616616116611 116
11111116 6611161 111 1111116 6611111111 1116116 111 6161111, 166 6161

1111661. 6116116111, 6. ,6 1411-1421. 611) 6. 69-41. 441. 66- 6ο.
224- 226. 22611 241. 2.16 666111. 1661111111111161116666111161116
6111114161. 61611. 16611. 116 11616 ιι. 6611661. 6621. (111111
1611111 116 61116 6 6111. 61. 1616 116 111 66011 1111161
111111111111111111111111111
66631666 666111 111 6111611111 ιι 11 1663111611 661 6111116111
16161616611.11 1111116 11161611]
66616111611616161 116 6161111611161166611 66111116. 6661161111611611
11611611 1446-1416. 616 1111 61111116 1611116616. 6161161 1116161166
1111 1116616111. 6611111111. 6111 111111 1111161. 6611111161 (ΧΧ 1. 219 6.).

6111611111 1649,

616116116616166661 116 6166111116 61661611 66111166. 616111111161166
11611 6611410-1466. 11111 611611 616 6161661111 116 6161111111616666 1.
616116666166111111111111 (1611611161, 116 6111111 111 66661116111111116
1166111161111111161 6 661. 6. 1111111611. 611111. 1660. (XXXI 6.
666 6.)

1166161111.,6166111116111111616161166611111616161611611
6111116,61111161111661161611616616611 61111116166661 111

111611 66666666-1166661616611111636611161 11611 161116
111. 6, 116-166,161, 116111, 1911111164 u 366' 6111 11 2111111116
66161616166111111661111111,11111611.1116661111111661 1111616111661

661116166111111, 11611111. 611116 116 61611 61111 1616111. 66 6611.
61111116) 116161616161.611111111166111616,161616 6111111611111 1111
6616661111, 6111666161111. 61616161.1161116161116 61111161611111116 ι
6611116 611111, 166 1111. 1611111166 6 111 616, 116 (6616. 6161111. ιι. 666 ’
1611611166 6616161161111 1111116 6111611.6111661661.1111116 11611111,
1111161616 6611111111 116 11611 3611611 6. 66611116. ιι. 161111 6111
116 611111. 1. 6111611111, 161616 66116111 11111111111611611616611
6616116611 111 6161111111. 1111111616 111161111611166111111 166116
11111661111111616111111161161161,1111161161161611166111111111,111116
1111116611166611 111 111 616111611116. 16161611111111111, 1.
6116116116. 11161 1111 11166111 1111116111161611611 6161111161616116
16111. 1 1663111166111161111161Χ-.ΧΧ1111 61- 26611 61
1611111.6166661111116111ι.266-661ι16266-66616116611111111
ἱ6111611111 6611111616 11. 11 6611116 11116661611166111111166166.11111
1661111111611161111116166111161611111.111111111611161. 66
16161111, 11111 6111111111 611111 61611661. 6661161, 1116166116 61111111
6111111111(6.6.1444-1466111ιι116111611,11 161 11611161, 61111166,
611111(1.111 1111 1111111161111111111111111616611111111111111616
6 6111111161161,1.11111116)6116116111116111111666111611611,1111
1111 6611 116 1111111116 1 111 1111111116 111111311111161161 11161 116
16111161166116111161 1111111111 [1111111611161 111 11116116616666161166
6116116116 111111111161 11116161611611161 661 16116111111111911 111
1111111666611111111111111,1.116116116611116111611 661166
1161.16111163116116611111611116.ΧΧ111- 1611661111
161 11111111 111111116,61111 1116166111 611611161161, 61116116 1111166
1111116 616 66111611 61 61616 61 6616111111 1111116161, 61616111.
6111111 1. 6611 3666111. 6.,1 6611111166616161111116161111
116,6616111611111,6116111161111.11111. 66111611611161111.

61111 66111111 6111. 266-646, 6. 3, 1416-1461 (611. 266 6611. 116

 

