6116161111. 165

-519 55511, n. 61111611, ὃ. 555-157. 556 1 . 661 11. - 111. 66,
11, 11 ι. 11113. 1613-1616, 1111. 6. 01111. 11111 1. 19161.
Ε111116 11 nr. 6116611511.111-161111-161. 1). (irai. 6.
55 55151515515511 511· 55·
&inan 60566111. 5114661- 3111 91611111 61111616 fin 11 111900,
116111111611 616 6611111 111161111111111. 11 611616 96111, 6. iq. 706-
16116111111111111116. 10. 11. 11. 311111. (49 1. 65), 11166. 16. 31 11.
111116 11111. 31111 1111111116111111. 61111111 11111 0111111611 611 111.
111111. 61, 611 11111111 141) 1111 6. 91111 1116161111, 6. 3. 969-
1544 (999. 910. 953. 901. 904. 905. 966. 968. 970. 973. 970. 9711981.
964. 991. 999. 995. 997. 1004. 1006. 100910101011.1040.1044.1060.
1099. 1064. 1071. 1264. 1959. 1406. 1411.1430.1544); 13 6111 0. &ilfi
meriebutg, 113974-1049 1974. 977. 990. 1004. 1006. 1010. 1019.
1611. 1111.1611.1116.16111; 1 111 6. 61. 61161111, 6. 3. 111-
11511155·5515515551551511111
6. 3. 1646,16161616111116; 1 (1. 6. 3. 1161 1. 1600) 116191. 31·
1111611 ; 916. 6. 3. 10101. 106911111166116116 1, 6. 3. 1666,
111116. 9111111111166116 1. 6. 3. 1111, 1111011. 6. 9661166116
1, 6311116101.6.6.6111111..1116111; 11131161, 611011·
611ς 1111619111 (91111111, 91111. 1. (1116. 11111, 63. 911 611 3.
11. 311111. (611. 1016. 1141. 1116. 1161. 1111. n. 16. 6. 11311111.
1. 6. 14. 361 10 11111111191111.. 16116. &i 1116111611.,0111111)11611.,
&i 6111116, 91 ad Horreum, 91. 111111111; 9111111611 6. &n 91111·
6111, 9. 1. 911616 &tent nr. 11. (1116. 6. in), 1. 3. 956-1614 1969.
111. 1161. 1116. 1116. 1661. 1611. 1111. 11111 1, 13. 1166111
61111111, 1,6.3.1160,6116.9.1.11611; 1, 63101661111111·
1611111· 6, 6. 6. 3. 955 1. 1040, 611 1111213 1, 6. 3. 1199, 6111911·
111 ι. 611111 1, 13. 1111, 111 6. 1191116116· 16131111,
1199, 1600 11. 1161, 611 6611611111 (611. 6. w.. 0161111611 91. 0166111

111). 1111. 611 611111. 1111151111111111. 3. 161611 1. nnn ἐ. 571-661.]

Ε11111111111111111. mig, Joh. che, Publieornm Negotiornm 16
1616116166 Romanorum Imperatore, 1161111111 Europae Regibus, 9. 11. J.
Electoribne, Principibus 1181111611, intre vicennium Latine quidem lingue
tractatorum Sylloge, eentinene 1111111 cuiuscunque 1116 generis, 11111
item 0111111, Salvos 1161161161, Plenipoientine, Memoriana, Propneiiinnen
Resolntionee, Obseruationee, Declaratienee‚ Ρ16161111161111,9611161166,
7661,Ρ1111,Ι16111111, 1611161611 Ρ1111, 1161111111, nique 1111111111 111.
Juxta 16116111 annorum disposite, Rubrieieque 16 Indice locupletissimo in-
etmcte, 1111111116 edite. Franci. 11 Lipe. 1694. 4.

[61111111 1111 1111111111. &predic 6611161111 61611116111111, necnee
11111 1. 11. 6. 3. 1614-1694.11 1111111111. 11161611 16116611. 1161
11111. 111611 1111 net 1111 61111161111111. 9111. 1. 16111 6. 1611161111
116. 6.9611.,Θ161111 11. 611911611161611 111111 1. 611691116911111·
6116. 6161111116. p. 10-30. 9111111116611161. 111. Q 1616111 11. 11116·
611111. 111-51. 11111 6161116. 6119111116 611 611 11. n. 6111616,
91616116. 61111. 65-68. 6. &din 6119611. 6. 9111116116. 116.
911. 6. 6111616.. p. 60-36, 1. 661 6119111. 6. &dini 116. 9111. 6.
Brenn. ,66-61ς - 1. 16161 6. &din 611 911. 6. 6111616, 6111. 6.
9111. 6. 1666116.;-1.1617; 661111. 6169111. 61161111 611 b.
91111. 6. 1111116. p. 666 111 - 1. 16161 61111. 611 911. 6. 1011111,

 

