01111111. m) Μ11111111111,8.11,Β1111111.1.91111111111
111 8111111118- 811. 111. 1111111111. 1. 1111111. 1111111111. 11111111.
(111111. 11111-1 8111111111 01111 111111. (11111111. 1111111-1

81111111, (111, (111111111181111111111 1111111.11111111.11111·1.1111.
4..-(9111111) 81111111,011.,11111111111111111.111111111(1)11111
011111.111111111111111111.11111111 EA. (1711) 1717. 4. (1111111).-

611111111, 111111. 111 1111111111. (1111111111.-1111111) 61111111,

11111111 11111 publ 11110111111111111111.11111111.1“.11111111.1)11111.
911111.ὓ1111.611111.911111.111111.-) 8111111111,1ο.11111.,111
11111111131111111111111111111-01111111111111111111111111. 111. 11191. 4.
(1111111)-1111111(1111, 1. 1118111111 1111111111111111111 11. 811.
1111111111111111111. 11111 Momm 1111111111. 11 1718. 4.((11.
1. 1111111111.) ·- 1. 61111111, 8 Q.. (111111. 1. 111111. (1111111. 1111
baffi.) 111. 11111 δ. m. —- 61111111, 11.,(11111).11111111111111111
&mn 111 1111 11111111 111 Sam. (1111111111). 11111.) 8131811.
11111111111111111. 11111111 111 1. Θ. 101 11.). - 61111111, 11.,
Mc 11111111 1. 1111111111. 11111111 1. 1111111111111111111111 11111.
0111111111111. 1111 Q. 101. - 61111111, 1. 11., 61111. 111 1111111111.
(1111111111.) 1111 1111 0. 111. - 6111111, 81111. 111 11111 1. ῦ1111ι
111. 1741. 4. ··· 61111111, 1111111. 11111111. ἳ1. 1111111111. &imm
4 (111111) - 6111111111, 1111).. 011111111 1111111111, 1. 1111181
1111111. 1. 8111. 61111. 1111111111. 11111111. 1111111 1. 111. 111111. (1113).
1171. 4. (1111111. 11111111.) - 8111111, 1111111111 11111111111111111 ’1. 8
(Ὼ11111.1111111.,1)11111.1111111. 11111111.) -ι 61111, 1111111111111
6111141111). 11. 1. (1111111.) - 8111111111, 11111. 1111111-11111111. (1111.
(1111111.’1.1(111111 11111111.011111.); 7 (1111111). -· 8111111111,
Aluti· (1111111. Ρ. 1 (11111111. 1111111. 1111111. mmm„ 1 (11111111.) -
611111111111111. 111111. &nbc 1. ῢ11111111111.(911· 1711 mg.)
v». 1 (11111111). - 6111111111. 11111111, 1111111111. 11111. 1111111111
1. 11111111 1. mmmm. 11. 1, 3, 4, 7, lou. 11 (1111111111 1,1, 7
1. 11 (11111118 1, 1, 11.1(11711(11.); 1, 1, 11111111 (11111111
11. 4 (11111111 1 1. 11 (9111111 11. 1 (1111111.); 1 (ὓ1111111.); 11
(111111 11111111). 1111111111 11). 1-5 111-11 111 &t 11111111),
eom, 111111, 11111111. 1. 1111111111, 11111111111111111111111111.
1. 81111111. ⁶- 811111111111 11 1111111111111111111111 11 8111111. 111.
T. 1-11111. (11111111. 1111111. 1111111. 111111. 111111. 1111111111. 1
(1111111. 1311111111. 1111111111. 11111111 11. 1(ᾶ11111.111111.61111.);
1 1. 1(1111111.); 1 (111111111111111111. 1111611111. - wit·
1111111111 1. marten. (1111111.11111111.1111111.) -· 1111111111,
01111. 1111111. 1111111111. (1111111.) - 6111111111, 61111. 11111111 111
Oa codex 1111111. (111111. 11111111. 1111111. 1111111. 1111111. 1111111.
011111- 6111111111111. 1111111111. 0111111111. (1111111. 11111111.
1111111.) - 111111111011, 01111111 minora historiam 8111111111
111111111111, collegit, 1111111111111111111111111111111111. 1111111111

1111111111 ef, ln. 11111111. 1111. 1711. (1111111. 1111111. 1111111111.) -

 

