3115551151. 351

1551555151). 7· 1653. 15. 351515 511. 1. 6. 13-15 (1513). Q 139
(3551511 151 ii 5551. de 35555555. 1314). 155-161 (15511551551551.

511551 lv. 1314). - 1156. 16. 351515 111. 1. Q. 119 iq. (11513111.
1515 15115115 ’5 11555551 Ε. 160-116).- 1151. 11. 351515 1511. 1.

ὅ. 153-161 (1 515. 156 11. 351515. 31111. 1. Ut. 55 35511155. 1659)]
55155155111511515555. 1101. 5155 Θ. 105.
35551,(151515.,355(155115 Wittebergeneie 51 An. fundationis 1501. Wiiteb.
¹63: 1111111151. 5155555155 5115551551. 1508)]
05155, 3151. 15, 11115515 5115555551. 31515515555. 1131-1811. 4. 141115.

[311. 11: 111151. p. 3661 g. (115551. Hermen. de Brund. 1301). 915 fg.
(1111. 5. Woldem. 15553. 15555155 51 de 15511551. March. 1313. ⁶- J 5-
1555. 11. 1155551). 330 (Woldem. 11. Brand. 51 Lunae. 1313). 18111ε
11115115. 361-364, 361 11, 403 5411 fg. (Ludowie. march. Brund.
1314. 1333. 1339. 1346. p. 3615551 1. (1551511. Margania). 111. 135
31151. 3. 116, 161 u. 1631155155. 11. Brand. Gr. 015115555111151555
5155 555. 1340). 661-369 (0115 1155115. 1ο Brund. 11. Ludew. d.
0115515 5. 11 Ludew. d. Romer. 1311). 111. 14: 1111. p. 545 (1361)]

Wernheri 155515555551551 51 3155515111 (1 1636) 35551550115155,15-
1551551555, 1155555 westphaliae, 155555155155, (15115155 51351115·
nine, 5155155 pertibus comprehensi Quos denuo edi 5555511, adjectisque
Annoieiionibue, 1515115 (1555515ςὶ5155, Geographieis„ Codice Dipiomatieo
11155153551555115115515553155155511 iustus christophor. 11111555-
555. 3555551. 51 Lipe. 1111. 151. 1111. 551551311111, 111555, 11551.

[5555155 p. 511 lem. 3 (15515515. 11. Brundi. Codex diplomaiie.: 115. 4
p. 3 (1555155. 1155511. Epioe. 1145). Nr. 17 p. 81 (1417). Nr. 64 p. 19
(1441). 151551551555555 15 1. 15551. p. 411 1. 1 1151. 5. 3. 1113,

5. 151 (iod. dipl. 5 11511315. 1.1.19.1ο. 1361555 grint. 13111. 1. 115.
555 155 3. 1654-1161, 1555151 1151. 5. 3. 1151 1515. 315. 551515. 1.
555(1.115. 131); 151( ,15115155 1151 1555 511511. 153 655511. 551115

1115515515, 115 1151. 5 1. Annei. 5155 551ὓ155ι11511555.
Theatrum 3555155555, Dice. 1511115115 5. 135515111151151511511551 51155
5. 15155 155151511155 1515111155, 15 1111 115 5. 51515515 155 111511, 115
55511111 5155 1511555155,5. 355111155155, 15 1551 155 1115111155 511 aire
1155135155, 5555 3515 11151111 1511. 111 551( 151 3515 1619. 555155. 151
3151155551 1555151155 31555151111155, 31551551155511111155, 5. 1151155
5151111155 3115115155 3511555 11511111 5. 3551155511 15115155551155·

1111155111115511511111551, 1151 1515155155 15155 515. 3511515155 1551)
11 ioannem Philippum 3151155151, Argentoratensem (11155). 11111

515155 1155551555 15555 55 3515515155 3555515515555, 515 5551 1551155155
6111155, 1151155155, 1111155, 61151155 5. 3511555155 51155111155115
11555115555 5. 31511155 15115551, 51515 1555 1511555511, 5551 1511515555

3155111555 5. 3551515551, 55 zea gegeben 5. 5551511, mure 11511. 11151ς ’

1151 11551551 1551. (15155151555111551. 355511. 5. 111. 1661·1731. 851.

11 512.

gine 115 1 5511551115 (111 1633) 151555515115, 155 1111 155
Ῐυ·51555555555-55555..
gin& 151ἷῖ51 iiiiii. 5551 scine„ 15. 5515555551

δ

 

