11111111. 661

¹ 8111111111 111 8111111111 111 8111111111. 1111111111 11 118 3111111111 111
1 3111111111 11111116. 988; &sm 11111. 1111111111 1111111111 1111111111 111
11111ῗ’1ῗξ111111.11“ἑῗ 11111111·111.11111111111111
1111111. 1111 81111111. 1111116111111811 11 1. 11111161111111 1111111
(1111, 1111. 111 8111111111 111 1111111111 111111111 11 111 31111ξ1111ιιῗ1111ι
1111 1. 901911. 1859. 31111 . 1854. 6. 145, (4854) 1111111111 11111 . 1111
ἔ 11111161111111111111111 11111111111111116. 159. d. (4855) 111111.
1111111111”1.1’111111.1ῗ.1“1.1“ 1111111111.91111111111111111

111 1. 111 11111111 6111111 11131111111111. 98. 1. 81. 611. 1858. 311111.
18546.158-11111111111131111111118111111111161111111
a„ (4913) 1111111111. 1111111111 ς1111111111 u. 111 1111111111111 1111111 111111·

111

3» 1111111 111 6111111111111 1. 11. 311. 1851. 31111. 1819.6.111;

(4914) 61111111 11. 61111111111111111 11131111111111111111 1111111 11111

2 1111111111111 81. 1111. 1851. 31111. 1859. 6. 145; b. (4918) 1111111

1 (11111111. 1111 (1111111

’ 11111.1111611111111 1. 99. 3111. 1845.

1111. 1111 11111111, 1111. 1. 8. 3111 1840. 6. 144· (4911) (1111111111 1111
, 11111111111111111111111111 1111111111111ἑ1 61111111111111111111. twegen

111ἔέ111 (111111111111111111111111111111111111111111
1111111 1116111111116111111111161111111 1111 111 111 3111111111 1. 1111111
111 11111111111111116111111111111 11111 6111118111111, 111111. 1. 98.
¹ 311. 1858. 6. 881. o. (4918) 511111111111. 1111 111 ὓ111111111. 1111111

”· ¹⁰· ⁰⁶²· ¹⁸⁴⁰· 31111111.·11111111111111118111 1111
¹ 118111111111111111111311 111 11111111111 6111111 11131111111311

(111, 1111. 111111 11. 11. 1851 11111 61111111. 11111111111111111111111,
’11. 11. {izffiassfffeff 111ἷ111111ἱ1111ἔ111111111111111311
6111111111111 1. 98. 311. 1848. 31111. 1841. 6. 5; (4994) 1111116111.
3¹¹ 111. 4999 1. 18. 8111. 1859. 6. 98. 1. ἓ995) ἱ(11111111 ffbffissssttss'
90. 11111 1851. Q 801. (ξ, (4997) 11111111 ’1ῗ56111111ξ111ξ1111111ἰ1111 1111
81111111111161111 111. 91. 311 1841. Q 911. 11. (4999) 8111111·
11..1111111111·11..111111111111

s: 111811111. 11111 11111111 1. 95. 3111. 1851 11111. 91. 1111111 1858. 6. 949.

s! 1. 51111111. 11111111 111111 6111111 1. 1931

’, k. (wa) ὗ1111111111111», {unbem 11. 61111111111111. 1111 111 11111111.

11111ἕέ11111111111.111ῗί111111ῗῗεὲὶῗῖῗς 1111111111
61111. 111 11111111. 111 81111111 1. 1111111, 61111151ῗᾶ 1385578Ι 31191ῗὲ)
1854. 6. 81. - 1111111 1. 1111111111 (5988) 11111 1116111111111111111
(111111 8113ὶ1 111 6111111111111111111 111 1111111111111118111111.
1111. 1. 91. 11 1849. Q 195 (5981) 11111 11111111111111111111161111·
111111 111 6111111111111, 3111. 1. 9411111. 1849. 6. 411; (1988) 11 .

Ιι 111111111111111111 11131111111111611111, 11. 11. 1. 181111. 185131111.

⁵ 295; ἱ.

1858. 6. 1· (5911) 111111111111111111 111 81111111611111, ς1111. 1. 15. .
311. 1850. 6. 955; (5914) 61111111 1111111111. (1111111111 1111111111·
1111981111. 1851. 6. 811. - 611111111111111 1111111111·
111181111111 (5801) 11111 1111111111 111 3111111111. 61111111111111
1111111111.111111111111161111111111,111111. 1. 11111. 1849.
11111. 1810. 6. 989· (5909) 11111111111111111111111111111111ἒ611118ι

. (11111, 11. 1. 11. 11111 1181. 6.1111(1111)1111111111111.ε1111.6.

,11111311 5981; (5904) 111111 1111111111 111 11111111 Ιΐ1111111111
1118111 1111 11111111 11 111 81111 91111111, 111111. 1. 11. 1111850.

 

