010111. ¹ 599

1110111,11111011101101.11111111. P. 1, 9 (111. 91), 9 11101100100 1 Α
1. 3 (1111011110 9 (1111100. 011111.) - 1. 11111111, 0111111. 111101. 1.

011110. 0. ς111111. 1111. 0100. 01. 1 (911110101- 1110111101, 111011
011 1110111110. 01111111111100. 1 1. 9 (0110111111 9 (11110010. 111111
1101111111. 0110111111. 01111011. 11011110. 1011111110 ³ (0111110.) -·
1111101111,8111. 0111111111111111. 111111111ου0. (011110.) - 11111-
phalen, 11111. 111111. rer. German. Τ. 1-3 (0110010. 11111100 1 1. 3

(01101100 9 1. 0 (0111000 1 (0111111.); 9 (10111110). - 01111111, 3.
0., 011111. 111101. 111 011 01101 10111111. 1111111. 1797. (011111.) - 111111-
1111110111111,Ι)111.111111011011101111111’111101111111111637.(11111110.)
- Wideburg, rr„ 1111. 1111111111. apoc. 1. Hamb. 1739. (0110010. 011100.)
- 1111110110, Dias. (11 pagis 1111111 11111111. (11111010. 011100.) - 10111
0110111111, 1101111111101111111, 11111 1. 110110111111,11 0110111 1111·
00110111 01111111 1111110 1. 01161101 011111 1110011111. 1600. 011.
(0111111.) - 011011110111,0111111101,0111111111110. 01111 11111101·
0111110 1011001111111111111110. 1709. 811. (01101110.) - 11111111 3101
011011011 1111111111. 31011. 1140. 1. (011110.) - 11111110, 01110. 1.
011111. 1110. 1111111. (01101111. 1111100.) - 10111110, 111011 1. 0110.
1. 0101101111. 1011101011. 100. 31. 4 (11110010. 01101100 3 (1111100.
111111100 4 (0111011110. 011111.) - 11110110, D.. 0111111111101101111111.
1111111. 1149. - 10111110, 001. 01110, 0111011111101 311101ιο11110.
(11111110.) - 10111111, 0110. 011 011011111111111.11111.110.(0110010.
1111110.) - Wilkii 1011111111 0111111111. (0111010. 01101111. 1111100.
1111110. 011110. 011111. 0111010. 1211111.) - 0110011101, 0110101
00111110. 00101 1. 3 (01110100 0010. 1 (11111110.) - Windeoko’s
0110. 11110101111111101 (01110100 011 11111111 Ser. 1111111111. Τ. 1.
- 1010101111, 01101011.11101.1.0.01001. 1. 110111111οι1. 00. 1 1.
9 (1111111111. 11110010. 0111011110 1 (1011110.) 011. 1011 0. 949. - 1111011
011111, 0100. 1. 11011. zu. 1. (11110010.) 011. 1011 0. 999. - 'inam
0111111101 01001011 011 0101111011 (0011110. 1799. 93. 1.) 00. 1. 010110
(91 611 1111101010 1111 Ι. 001 011 (01011110. 01001011 (191 11111. 1.
197-1009.) 00. 91110111 (119 011 1011101010 111111. 01101 011
01011110. 0111011011. (191 11111. 1. 1994-1013.) 011 11111. 0111111111 101111
011 1011011110 111 011111, 101111011011011 0111111101, 0111111111101, 011
0111101111101, 1111111101, 1010111111. 01111111101101111. 01111011
11101111011111110110111 11010111 0111. 1. 0110111111, 0111011, 01111
011011131111111111, 0111101101, 0101111111, 111011. 1. 0011110111
(111 111110101 1. 00. 1) 0111011111. 1111110, 011110.. 1111111100 (11111111
0101 1. 00. 9) 1111011100 (11011111010111 1. 00. 1 1. 9) (011111, 0111010,
01111111. - 111111. 3.. 0100. 101101110110 011 011010101111101,
11111 1111110111. 0011. 1903. - (1101111111.) Historia Nofimbergons. diplom.
11111110. 17911111 (0110010. 011110.) - 101101, 111011 1. 0110110.
00110111 1111. (011100. 1111110.) ·- 101101, 11111101011 1. 0 0100.
0101111111 1. 1. 11. 110. 1 1. 9 (11110010.) - 101101, 0110. 1. 01111 1.
11111011.1110.01111111.(11111010. 11111110. 1111110111111.) - 1111111111,

01

 

